{
    "camera_angle_x": 0.6911112070083618,
    "w": 800,
    "h": 800,
    "frames": [
        {
            "file_path": "./images/r_0",
            "rotation": 0.012566370614359171,
            "transform_matrix": [
                [
                    -0.9999021887779236,
                    0.004192245192825794,
                    -0.013345719315111637,
                    -0.05379832163453102
                ],
                [
                    -0.013988681137561798,
                    -0.2996590733528137,
                    0.95394366979599,
                    3.845470428466797
                ],
                [
                    -4.656612873077393e-10,
                    0.9540371894836426,
                    0.29968830943107605,
                    1.2080823183059692
                ],
                [
                    0.0,
                    0.0,
                    0.0,
                    1.0
                ]
            ]
        },
        {
            "file_path": "./images/r_1",
            "rotation": 0.012566370614359171,
            "transform_matrix": [
                [
                    -0.9305422306060791,
                    0.11707554012537003,
                    -0.34696459770202637,
                    -1.398659110069275
                ],
                [
                    -0.3661845624446869,
                    -0.29751041531562805,
                    0.8817007541656494,
                    3.5542497634887695
                ],
                [
                    7.450580596923828e-09,
                    0.9475130438804626,
                    0.3197172284126282,
                    1.2888214588165283
                ],
                [
                    0.0,
                    0.0,
                    0.0,
                    1.0
                ]
            ]
        },
        {
            "file_path": "./images/r_2",
            "rotation": 0.012566370614359171,
            "transform_matrix": [
                [
                    0.4429636299610138,
                    0.31377720832824707,
                    -0.8398374915122986,
                    -3.385493516921997
                ],
                [
                    -0.8965396881103516,
                    0.1550314873456955,
                    -0.41494810581207275,
                    -1.6727094650268555
                ],
                [
                    0.0,
                    0.936754584312439,
                    0.3499869406223297,
                    1.4108426570892334
                ],
                [
                    0.0,
                    0.0,
                    0.0,
                    1.0
                ]
            ]
        },
        {
            "file_path": "./images/r_3",
            "rotation": 0.012566370614359171,
            "transform_matrix": [
                [
                    0.7956318259239197,
                    0.5209260582923889,
                    -0.3092023432254791,
                    -1.2464345693588257
                ],
                [
                    -0.6057805418968201,
                    0.6841840147972107,
                    -0.40610620379447937,
                    -1.6370664834976196
                ],
                [
                    -1.4901161193847656e-08,
                    0.5104197859764099,
                    0.859925389289856,
                    3.4664700031280518
                ],
                [
                    0.0,
                    0.0,
                    0.0,
                    1.0
                ]
            ]
        },
        {
            "file_path": "./images/r_4",
            "rotation": 0.012566370614359171,
            "transform_matrix": [
                [
                    -0.6566542387008667,
                    -0.2367822825908661,
                    0.7160581946372986,
                    2.8865230083465576
                ],
                [
                    0.7541918158531189,
                    -0.20615987479686737,
                    0.623452365398407,
                    2.513216972351074
                ],
                [
                    -1.4901162970204496e-08,
                    0.9494377970695496,
                    0.31395500898361206,
                    1.26559317111969
                ],
                [
                    0.0,
                    0.0,
                    0.0,
                    1.0
                ]
            ]
        },
        {
            "file_path": "./images/r_5",
            "rotation": 0.012566370614359171,
            "transform_matrix": [
                [
                    -0.12173833698034286,
                    0.6862695217132568,
                    -0.7170870900154114,
                    -2.8906705379486084
                ],
                [
                    -0.9925621747970581,
                    -0.084171362221241,
                    0.08795115351676941,
                    0.35454243421554565
                ],
                [
                    0.0,
                    0.7224606275558472,
                    0.691412091255188,
                    2.7871713638305664
                ],
                [
                    0.0,
                    0.0,
                    0.0,
                    1.0
                ]
            ]
        },
        {
            "file_path": "./images/r_6",
            "rotation": 0.012566370614359171,
            "transform_matrix": [
                [
                    0.6570732593536377,
                    -0.5113321542739868,
                    0.5538899898529053,
                    2.232801914215088
                ],
                [
                    0.7538267374038696,
                    0.44570285081863403,
                    -0.48279836773872375,
                    -1.9462224245071411
                ],
                [
                    -1.4901161193847656e-08,
                    0.7347709536552429,
                    0.6783152222633362,
                    2.7343761920928955
                ],
                [
                    0.0,
                    0.0,
                    0.0,
                    1.0
                ]
            ]
        },
        {
            "file_path": "./images/r_7",
            "rotation": 0.012566370614359171,
            "transform_matrix": [
                [
                    0.9045065641403198,
                    0.42524266242980957,
                    -0.03219788148999214,
                    -0.12979382276535034
                ],
                [
                    -0.426459938287735,
                    0.9019248485565186,
                    -0.0682905837893486,
                    -0.2752881646156311
                ],
                [
                    0.0,
                    0.07550014555454254,
                    0.9971457123756409,
                    4.019623279571533
                ],
                [
                    0.0,
                    0.0,
                    0.0,
                    1.0
                ]
            ]
        },
        {
            "file_path": "./images/r_8",
            "rotation": 0.012566370614359171,
            "transform_matrix": [
                [
                    0.159989595413208,
                    0.33046624064445496,
                    -0.930158793926239,
                    -3.7495899200439453
                ],
                [
                    -0.9871187806129456,
                    0.053561095148324966,
                    -0.15075767040252686,
                    -0.607723593711853
                ],
                [
                    0.0,
                    0.9422966837882996,
                    0.33477866649627686,
                    1.3495359420776367
                ],
                [
                    0.0,
                    0.0,
                    0.0,
                    1.0
                ]
            ]
        },
        {
            "file_path": "./images/r_9",
            "rotation": 0.012566370614359171,
            "transform_matrix": [
                [
                    -0.23337772488594055,
                    0.44256603717803955,
                    -0.8658348917961121,
                    -3.4902923107147217
                ],
                [
                    -0.9723862409591675,
                    -0.1062181368470192,
                    0.2078048586845398,
                    0.8376882672309875
                ],
                [
                    7.450581485102248e-09,
                    0.8904228806495667,
                    0.45513397455215454,
                    1.834703803062439
                ],
                [
                    0.0,
                    0.0,
                    0.0,
                    1.0
                ]
            ]
        },
        {
            "file_path": "./images/r_10",
            "rotation": 0.012566370614359171,
            "transform_matrix": [
                [
                    0.5218667387962341,
                    0.18684424459934235,
                    -0.8323126435279846,
                    -3.3551595211029053
                ],
                [
                    -0.8530270457267761,
                    0.1143079623579979,
                    -0.509194016456604,
                    -2.052626848220825
                ],
                [
                    -7.450580596923828e-09,
                    0.9757166504859924,
                    0.21903668344020844,
                    0.882965087890625
                ],
                [
                    0.0,
                    0.0,
                    0.0,
                    1.0
                ]
            ]
        },
        {
            "file_path": "./images/r_11",
            "rotation": 0.012566370614359171,
            "transform_matrix": [
                [
                    -0.9757387638092041,
                    -0.17523755133152008,
                    0.13124708831310272,
                    0.52907395362854
                ],
                [
                    0.21893838047981262,
                    -0.7809780836105347,
                    0.5849266052246094,
                    2.357914447784424
                ],
                [
                    -7.450581485102248e-09,
                    0.5994703769683838,
                    0.8003968596458435,
                    3.2265028953552246
                ],
                [
                    0.0,
                    0.0,
                    0.0,
                    1.0
                ]
            ]
        },
        {
            "file_path": "./images/r_12",
            "rotation": 0.012566370614359171,
            "transform_matrix": [
                [
                    -0.9713073372840881,
                    0.20477895438671112,
                    -0.12094451487064362,
                    -0.48754292726516724
                ],
                [
                    -0.23782765865325928,
                    -0.8363337516784668,
                    0.4939471483230591,
                    1.9911646842956543
                ],
                [
                    7.450580596923828e-09,
                    0.5085384249687195,
                    0.8610392212867737,
                    3.4709601402282715
                ],
                [
                    0.0,
                    0.0,
                    0.0,
                    1.0
                ]
            ]
        },
        {
            "file_path": "./images/r_13",
            "rotation": 0.012566370614359171,
            "transform_matrix": [
                [
                    0.842908501625061,
                    -0.09502744674682617,
                    0.5295989513397217,
                    2.1348819732666016
                ],
                [
                    0.5380570292472839,
                    0.14886793494224548,
                    -0.8296582698822021,
                    -3.3444597721099854
                ],
                [
                    7.450582373280668e-09,
                    0.9842804074287415,
                    0.17661221325397491,
                    0.7119466662406921
                ],
                [
                    0.0,
                    0.0,
                    0.0,
                    1.0
                ]
            ]
        },
        {
            "file_path": "./images/r_14",
            "rotation": 0.012566370614359171,
            "transform_matrix": [
                [
                    -0.06348517537117004,
                    0.8717355132102966,
                    -0.48584654927253723,
                    -1.9585098028182983
                ],
                [
                    -0.9979828596115112,
                    -0.05545414239168167,
                    0.030906395986676216,
                    0.12458765506744385
                ],
                [
                    0.0,
                    0.4868285059928894,
                    0.8734976053237915,
                    3.521181106567383
                ],
                [
                    0.0,
                    0.0,
                    0.0,
                    1.0
                ]
            ]
        }
    ]
}
