{
  "camera_angle_x": 0.21765080373804585,
  "camera_angle_y": 0.21300967892037517,
  "fl_x": 553.74,
  "fl_y": 553.74,
  "k1": 0,
  "k2": 0,
  "p1": 0,
  "p2": 0,
  "cx": 60.5,
  "cy": 59.2,
  "w": 121.0,
  "h": 118.4,
  "scale": 0.012,
  "aabb_scale": 1,
  "frames": [
    {
      "file_path": "proj_walnut0001",
      "transform_matrix": [
        [
          -1.0,
          0.0,
          -0.0,
          -0.0
        ],
        [
          -0.0,
          0.0,
          1.0,
          343.08000000000004
        ],
        [
          0.0,
          1.0,
          0.0,
          0.0
        ],
        [
          0.0,
          0.0,
          0.0,
          1.0
        ]
      ]
    },
    {
      "file_path": "proj_walnut0002",
      "transform_matrix": [
        [
          -0.9999619230641713,
          0.0,
          -0.008726535498373935,
          -2.99389979878213
        ],
        [
          -0.008726535498373935,
          0.0,
          0.9999619230641713,
          343.06693656485595
        ],
        [
          0.0,
          1.0,
          0.0,
          0.0
        ],
        [
          0.0,
          0.0,
          0.0,
          1.0
        ]
      ]
    },
    {
      "file_path": "proj_walnut0003",
      "transform_matrix": [
        [
          -0.9998476951563913,
          0.0,
          -0.01745240643728351,
          -5.987571600503228
        ],
        [
          -0.01745240643728351,
          0.0,
          0.9998476951563913,
          343.02774725425473
        ],
        [
          0.0,
          1.0,
          0.0,
          0.0
        ],
        [
          0.0,
          0.0,
          0.0,
          1.0
        ]
      ]
    },
    {
      "file_path": "proj_walnut0004",
      "transform_matrix": [
        [
          -0.9996573249755573,
          0.0,
          -0.026176948307873153,
          -8.980787425465122
        ],
        [
          -0.026176948307873153,
          0.0,
          0.9996573249755573,
          342.96243505261424
        ],
        [
          0.0,
          1.0,
          0.0,
          0.0
        ],
        [
          0.0,
          0.0,
          0.0,
          1.0
        ]
      ]
    },
    {
      "file_path": "proj_walnut0005",
      "transform_matrix": [
        [
          -0.9993908270190958,
          0.0,
          -0.03489949670250097,
          -11.973319328694034
        ],
        [
          -0.03489949670250097,
          0.0,
          0.9993908270190958,
          342.8710049337114
        ],
        [
          0.0,
          1.0,
          0.0,
          0.0
        ],
        [
          0.0,
          0.0,
          0.0,
          1.0
        ]
      ]
    },
    {
      "file_path": "proj_walnut0006",
      "transform_matrix": [
        [
          -0.9990482215818578,
          0.0,
          -0.043619387365336,
          -14.964939417299476
        ],
        [
          -0.043619387365336,
          0.0,
          0.9990482215818578,
          342.75346386030384
        ],
        [
          0.0,
          1.0,
          0.0,
          0.0
        ],
        [
          0.0,
          0.0,
          0.0,
          1.0
        ]
      ]
    },
    {
      "file_path": "proj_walnut0007",
      "transform_matrix": [
        [
          -0.9986295347545738,
          0.0,
          -0.052335956242943835,
          -17.95541986782917
        ],
        [
          -0.052335956242943835,
          0.0,
          0.9986295347545738,
          342.6098207835992
        ],
        [
          0.0,
          1.0,
          0.0,
          0.0
        ],
        [
          0.0,
          0.0,
          0.0,
          1.0
        ]
      ]
    },
    {
      "file_path": "proj_walnut0008",
      "transform_matrix": [
        [
          -0.9981347984218669,
          0.0,
          -0.06104853953485687,
          -20.9445329436187
        ],
        [
          -0.06104853953485687,
          0.0,
          0.9981347984218669,
          342.44008664257416
        ],
        [
          0.0,
          1.0,
          0.0,
          0.0
        ],
        [
          0.0,
          0.0,
          0.0,
          1.0
        ]
      ]
    },
    {
      "file_path": "proj_walnut0009",
      "transform_matrix": [
        [
          -0.9975640502598242,
          0.0,
          -0.0697564737441253,
          -23.93205101213451
        ],
        [
          -0.0697564737441253,
          0.0,
          0.9975640502598242,
          342.2442743631405
        ],
        [
          0.0,
          1.0,
          0.0,
          0.0
        ],
        [
          0.0,
          0.0,
          0.0,
          1.0
        ]
      ]
    },
    {
      "file_path": "proj_walnut0010",
      "transform_matrix": [
        [
          -0.996917333733128,
          0.0,
          -0.07845909572784494,
          -26.917746562309045
        ],
        [
          -0.07845909572784494,
          0.0,
          0.996917333733128,
          342.0223988571616
        ],
        [
          0.0,
          1.0,
          0.0,
          0.0
        ],
        [
          0.0,
          0.0,
          0.0,
          1.0
        ]
      ]
    },
    {
      "file_path": "proj_walnut0011",
      "transform_matrix": [
        [
          -0.9961946980917455,
          0.0,
          -0.08715574274765817,
          -29.901392221866566
        ],
        [
          -0.08715574274765817,
          0.0,
          0.9961946980917455,
          341.7744770213161
        ],
        [
          0.0,
          1.0,
          0.0,
          0.0
        ],
        [
          0.0,
          0.0,
          0.0,
          1.0
        ]
      ]
    },
    {
      "file_path": "proj_walnut0012",
      "transform_matrix": [
        [
          -0.9953961983671789,
          0.0,
          -0.09584575252022398,
          -32.88276077463845
        ],
        [
          -0.09584575252022398,
          0.0,
          0.9953961983671789,
          341.5005277358118
        ],
        [
          0.0,
          1.0,
          0.0,
          0.0
        ],
        [
          0.0,
          0.0,
          0.0,
          1.0
        ]
      ]
    },
    {
      "file_path": "proj_walnut0013",
      "transform_matrix": [
        [
          -0.9945218953682733,
          0.0,
          -0.10452846326765347,
          -35.86162517786656
        ],
        [
          -0.10452846326765347,
          0.0,
          0.9945218953682733,
          341.20057186294724
        ],
        [
          0.0,
          1.0,
          0.0,
          0.0
        ],
        [
          0.0,
          0.0,
          0.0,
          1.0
        ]
      ]
    },
    {
      "file_path": "proj_walnut0014",
      "transform_matrix": [
        [
          -0.9935718556765875,
          0.0,
          -0.11320321376790672,
          -38.837758579493446
        ],
        [
          -0.11320321376790672,
          0.0,
          0.9935718556765875,
          340.8746322455237
        ],
        [
          0.0,
          1.0,
          0.0,
          0.0
        ],
        [
          0.0,
          0.0,
          0.0,
          1.0
        ]
      ]
    },
    {
      "file_path": "proj_walnut0015",
      "transform_matrix": [
        [
          -0.992546151641322,
          0.0,
          -0.12186934340514748,
          -41.810934335438
        ],
        [
          -0.12186934340514748,
          0.0,
          0.992546151641322,
          340.52273370510477
        ],
        [
          0.0,
          1.0,
          0.0,
          0.0
        ],
        [
          0.0,
          0.0,
          0.0,
          1.0
        ]
      ]
    },
    {
      "file_path": "proj_walnut0016",
      "transform_matrix": [
        [
          -0.9914448613738104,
          0.0,
          -0.13052619222005157,
          -44.7809260268553
        ],
        [
          -0.13052619222005157,
          0.0,
          0.9914448613738104,
          340.1449030401269
        ],
        [
          0.0,
          1.0,
          0.0,
          0.0
        ],
        [
          0.0,
          0.0,
          0.0,
          1.0
        ]
      ]
    },
    {
      "file_path": "proj_walnut0017",
      "transform_matrix": [
        [
          -0.9902680687415704,
          0.0,
          -0.13917310096006544,
          -47.74750747737926
        ],
        [
          -0.13917310096006544,
          0.0,
          0.9902680687415704,
          339.741169023858
        ],
        [
          0.0,
          1.0,
          0.0,
          0.0
        ],
        [
          0.0,
          0.0,
          0.0,
          1.0
        ]
      ]
    },
    {
      "file_path": "proj_walnut0018",
      "transform_matrix": [
        [
          -0.9890158633619168,
          0.0,
          -0.14780941112961063,
          -50.71045277034682
        ],
        [
          -0.14780941112961063,
          0.0,
          0.9890158633619168,
          339.31156240220645
        ],
        [
          0.0,
          1.0,
          0.0,
          0.0
        ],
        [
          0.0,
          0.0,
          0.0,
          1.0
        ]
      ]
    },
    {
      "file_path": "proj_walnut0019",
      "transform_matrix": [
        [
          -0.9876883405951378,
          0.0,
          -0.15643446504023087,
          -53.66953626600241
        ],
        [
          -0.15643446504023087,
          0.0,
          0.9876883405951378,
          338.8561158913799
        ],
        [
          0.0,
          1.0,
          0.0,
          0.0
        ],
        [
          0.0,
          0.0,
          0.0,
          1.0
        ]
      ]
    },
    {
      "file_path": "proj_walnut0020",
      "transform_matrix": [
        [
          -0.9862856015372314,
          0.0,
          -0.16504760586067765,
          -56.62453261868129
        ],
        [
          -0.16504760586067765,
          0.0,
          0.9862856015372314,
          338.3748641753934
        ],
        [
          0.0,
          1.0,
          0.0,
          0.0
        ],
        [
          0.0,
          0.0,
          0.0,
          1.0
        ]
      ]
    },
    {
      "file_path": "proj_walnut0021",
      "transform_matrix": [
        [
          -0.984807753012208,
          0.0,
          -0.17364817766693033,
          -59.57521679397046
        ],
        [
          -0.17364817766693033,
          0.0,
          0.984807753012208,
          337.86784390342837
        ],
        [
          0.0,
          1.0,
          0.0,
          0.0
        ],
        [
          0.0,
          0.0,
          0.0,
          1.0
        ]
      ]
    },
    {
      "file_path": "proj_walnut0022",
      "transform_matrix": [
        [
          -0.9832549075639546,
          0.0,
          -0.18223552549214747,
          -62.52136408584596
        ],
        [
          -0.18223552549214747,
          0.0,
          0.9832549075639546,
          337.3350936870416
        ],
        [
          0.0,
          1.0,
          0.0,
          0.0
        ],
        [
          0.0,
          0.0,
          0.0,
          1.0
        ]
      ]
    },
    {
      "file_path": "proj_walnut0023",
      "transform_matrix": [
        [
          -0.981627183447664,
          0.0,
          -0.1908089953765448,
          -65.462750133785
        ],
        [
          -0.1908089953765448,
          0.0,
          0.981627183447664,
          336.7766540972246
        ],
        [
          0.0,
          1.0,
          0.0,
          0.0
        ],
        [
          0.0,
          0.0,
          0.0,
          1.0
        ]
      ]
    },
    {
      "file_path": "proj_walnut0024",
      "transform_matrix": [
        [
          -0.9799247046208296,
          0.0,
          -0.1993679344171972,
          -68.39915093985202
        ],
        [
          -0.1993679344171972,
          0.0,
          0.9799247046208296,
          336.19256766131423
        ],
        [
          0.0,
          1.0,
          0.0,
          0.0
        ],
        [
          0.0,
          0.0,
          0.0,
          1.0
        ]
      ]
    },
    {
      "file_path": "proj_walnut0025",
      "transform_matrix": [
        [
          -0.9781476007338057,
          0.0,
          -0.20791169081775934,
          -71.33034288575688
        ],
        [
          -0.20791169081775934,
          0.0,
          0.9781476007338057,
          335.5828788597541
        ],
        [
          0.0,
          1.0,
          0.0,
          0.0
        ],
        [
          0.0,
          0.0,
          0.0,
          1.0
        ]
      ]
    },
    {
      "file_path": "proj_walnut0026",
      "transform_matrix": [
        [
          -0.9762960071199334,
          0.0,
          -0.21643961393810288,
          -74.25610274988435
        ],
        [
          -0.21643961393810288,
          0.0,
          0.9762960071199334,
          334.9476341227068
        ],
        [
          0.0,
          1.0,
          0.0,
          0.0
        ],
        [
          0.0,
          0.0,
          0.0,
          1.0
        ]
      ]
    },
    {
      "file_path": "proj_walnut0027",
      "transform_matrix": [
        [
          -0.9743700647852352,
          0.0,
          -0.224951054343865,
          -77.17620772429322
        ],
        [
          -0.224951054343865,
          0.0,
          0.9743700647852352,
          334.28688182651854
        ],
        [
          0.0,
          1.0,
          0.0,
          0.0
        ],
        [
          0.0,
          0.0,
          0.0,
          1.0
        ]
      ]
    },
    {
      "file_path": "proj_walnut0028",
      "transform_matrix": [
        [
          -0.9723699203976766,
          0.0,
          -0.2334453638559054,
          -80.09043543168403
        ],
        [
          -0.2334453638559054,
          0.0,
          0.9723699203976766,
          333.60067229003494
        ],
        [
          0.0,
          1.0,
          0.0,
          0.0
        ],
        [
          0.0,
          0.0,
          0.0,
          1.0
        ]
      ]
    },
    {
      "file_path": "proj_walnut0029",
      "transform_matrix": [
        [
          -0.9702957262759965,
          0.0,
          -0.24192189559966773,
          -82.99856394233402
        ],
        [
          -0.24192189559966773,
          0.0,
          0.9702957262759965,
          332.8890577707689
        ],
        [
          0.0,
          1.0,
          0.0,
          0.0
        ],
        [
          0.0,
          0.0,
          0.0,
          1.0
        ]
      ]
    },
    {
      "file_path": "proj_walnut0030",
      "transform_matrix": [
        [
          -0.9681476403781077,
          0.0,
          -0.25038000405444144,
          -85.90037179099778
        ],
        [
          -0.25038000405444144,
          0.0,
          0.9681476403781077,
          332.15209246092127
        ],
        [
          0.0,
          1.0,
          0.0,
          0.0
        ],
        [
          0.0,
          0.0,
          0.0,
          1.0
        ]
      ]
    },
    {
      "file_path": "proj_walnut0031",
      "transform_matrix": [
        [
          -0.9659258262890683,
          0.0,
          -0.25881904510252074,
          -88.79563799377283
        ],
        [
          -0.25881904510252074,
          0.0,
          0.9659258262890683,
          331.3898324832536
        ],
        [
          0.0,
          1.0,
          0.0,
          0.0
        ],
        [
          0.0,
          0.0,
          0.0,
          1.0
        ]
      ]
    },
    {
      "file_path": "proj_walnut0032",
      "transform_matrix": [
        [
          -0.963630453208623,
          0.0,
          -0.26723837607825685,
          -91.68414206492837
        ],
        [
          -0.26723837607825685,
          0.0,
          0.963630453208623,
          330.6023358868144
        ],
        [
          0.0,
          1.0,
          0.0,
          0.0
        ],
        [
          0.0,
          0.0,
          0.0,
          1.0
        ]
      ]
    },
    {
      "file_path": "proj_walnut0033",
      "transform_matrix": [
        [
          -0.9612616959383189,
          0.0,
          -0.27563735581699916,
          -94.56566403369608
        ],
        [
          -0.27563735581699916,
          0.0,
          0.9612616959383189,
          329.78966264251846
        ],
        [
          0.0,
          1.0,
          0.0,
          0.0
        ],
        [
          0.0,
          0.0,
          0.0,
          1.0
        ]
      ]
    },
    {
      "file_path": "proj_walnut0034",
      "transform_matrix": [
        [
          -0.958819734868193,
          0.0,
          -0.28401534470392265,
          -97.4399844610218
        ],
        [
          -0.28401534470392265,
          0.0,
          0.958819734868193,
          328.95187463857974
        ],
        [
          0.0,
          1.0,
          0.0,
          0.0
        ],
        [
          0.0,
          0.0,
          0.0,
          1.0
        ]
      ]
    },
    {
      "file_path": "proj_walnut0035",
      "transform_matrix": [
        [
          -0.9563047559630354,
          0.0,
          -0.29237170472273677,
          -100.30688445627655
        ],
        [
          -0.29237170472273677,
          0.0,
          0.9563047559630354,
          328.08903567579824
        ],
        [
          0.0,
          1.0,
          0.0,
          0.0
        ],
        [
          0.0,
          0.0,
          0.0,
          1.0
        ]
      ]
    },
    {
      "file_path": "proj_walnut0036",
      "transform_matrix": [
        [
          -0.9537169507482269,
          0.0,
          -0.3007057995042731,
          -103.16614569392604
        ],
        [
          -0.3007057995042731,
          0.0,
          0.9537169507482269,
          327.20121146270174
        ],
        [
          0.0,
          1.0,
          0.0,
          0.0
        ],
        [
          0.0,
          0.0,
          0.0,
          1.0
        ]
      ]
    },
    {
      "file_path": "proj_walnut0037",
      "transform_matrix": [
        [
          -0.9510565162951535,
          0.0,
          -0.3090169943749474,
          -106.01755043015696
        ],
        [
          -0.3090169943749474,
          0.0,
          0.9510565162951535,
          326.2884696105413
        ],
        [
          0.0,
          1.0,
          0.0,
          0.0
        ],
        [
          0.0,
          0.0,
          0.0,
          1.0
        ]
      ]
    },
    {
      "file_path": "proj_walnut0038",
      "transform_matrix": [
        [
          -0.9483236552061993,
          0.0,
          -0.31730465640509214,
          -108.86088151945903
        ],
        [
          -0.31730465640509214,
          0.0,
          0.9483236552061993,
          325.3508796281429
        ],
        [
          0.0,
          1.0,
          0.0,
          0.0
        ],
        [
          0.0,
          0.0,
          0.0,
          1.0
        ]
      ]
    },
    {
      "file_path": "proj_walnut0039",
      "transform_matrix": [
        [
          -0.9455185755993168,
          0.0,
          -0.3255681544571567,
          -111.69592243116134
        ],
        [
          -0.3255681544571567,
          0.0,
          0.9455185755993168,
          324.38851291661365
        ],
        [
          0.0,
          1.0,
          0.0,
          0.0
        ],
        [
          0.0,
          0.0,
          0.0,
          1.0
        ]
      ]
    },
    {
      "file_path": "proj_walnut0040",
      "transform_matrix": [
        [
          -0.9426414910921784,
          0.0,
          -0.3338068592337709,
          -114.52245726592213
        ],
        [
          -0.3338068592337709,
          0.0,
          0.9426414910921784,
          323.40144276390464
        ],
        [
          0.0,
          1.0,
          0.0,
          0.0
        ],
        [
          0.0,
          0.0,
          0.0,
          1.0
        ]
      ]
    },
    {
      "file_path": "proj_walnut0041",
      "transform_matrix": [
        [
          -0.9396926207859084,
          0.0,
          -0.3420201433256687,
          -117.34027077217044
        ],
        [
          -0.3420201433256687,
          0.0,
          0.9396926207859084,
          322.3897443392295
        ],
        [
          0.0,
          1.0,
          0.0,
          0.0
        ],
        [
          0.0,
          0.0,
          0.0,
          1.0
        ]
      ]
    },
    {
      "file_path": "proj_walnut0042",
      "transform_matrix": [
        [
          -0.9366721892483976,
          0.0,
          -0.35020738125946743,
          -120.1491483624981
        ],
        [
          -0.35020738125946743,
          0.0,
          0.9366721892483976,
          321.3534946873403
        ],
        [
          0.0,
          1.0,
          0.0,
          0.0
        ],
        [
          0.0,
          0.0,
          0.0,
          1.0
        ]
      ]
    },
    {
      "file_path": "proj_walnut0043",
      "transform_matrix": [
        [
          -0.9335804264972017,
          0.0,
          -0.35836794954530027,
          -122.94887613000164
        ],
        [
          -0.35836794954530027,
          0.0,
          0.9335804264972017,
          320.29277272266
        ],
        [
          0.0,
          1.0,
          0.0,
          0.0
        ],
        [
          0.0,
          0.0,
          0.0,
          1.0
        ]
      ]
    },
    {
      "file_path": "proj_walnut0044",
      "transform_matrix": [
        [
          -0.9304175679820246,
          0.0,
          -0.3665012267242973,
          -125.73924086457194
        ],
        [
          -0.3665012267242973,
          0.0,
          0.9304175679820246,
          319.207659223273
        ],
        [
          0.0,
          1.0,
          0.0,
          0.0
        ],
        [
          0.0,
          0.0,
          0.0,
          1.0
        ]
      ]
    },
    {
      "file_path": "proj_walnut0045",
      "transform_matrix": [
        [
          -0.9271838545667874,
          0.0,
          -0.374606593415912,
          -128.5200300691311
        ],
        [
          -0.374606593415912,
          0.0,
          0.9271838545667874,
          318.0982368247735
        ],
        [
          0.0,
          1.0,
          0.0,
          0.0
        ],
        [
          0.0,
          0.0,
          0.0,
          1.0
        ]
      ]
    },
    {
      "file_path": "proj_walnut0046",
      "transform_matrix": [
        [
          -0.9238795325112867,
          0.0,
          -0.3826834323650898,
          -131.29103197581503
        ],
        [
          -0.3826834323650898,
          0.0,
          0.9238795325112867,
          316.96459001397227
        ],
        [
          0.0,
          1.0,
          0.0,
          0.0
        ],
        [
          0.0,
          0.0,
          0.0,
          1.0
        ]
      ]
    },
    {
      "file_path": "proj_walnut0047",
      "transform_matrix": [
        [
          -0.9205048534524404,
          0.0,
          -0.39073112848927377,
          -134.05203556210006
        ],
        [
          -0.39073112848927377,
          0.0,
          0.9205048534524404,
          315.8068051224633
        ],
        [
          0.0,
          1.0,
          0.0,
          0.0
        ],
        [
          0.0,
          0.0,
          0.0,
          1.0
        ]
      ]
    },
    {
      "file_path": "proj_walnut0048",
      "transform_matrix": [
        [
          -0.917060074385124,
          0.0,
          -0.3987490689252462,
          -136.8028305668735
        ],
        [
          -0.3987490689252462,
          0.0,
          0.917060074385124,
          314.6249703200484
        ],
        [
          0.0,
          1.0,
          0.0,
          0.0
        ],
        [
          0.0,
          0.0,
          0.0,
          1.0
        ]
      ]
    },
    {
      "file_path": "proj_walnut0049",
      "transform_matrix": [
        [
          -0.9135454576426009,
          0.0,
          -0.4067366430758002,
          -139.54320750644555
        ],
        [
          -0.4067366430758002,
          0.0,
          0.9135454576426009,
          313.4191756080235
        ],
        [
          0.0,
          1.0,
          0.0,
          0.0
        ],
        [
          0.0,
          0.0,
          0.0,
          1.0
        ]
      ]
    },
    {
      "file_path": "proj_walnut0050",
      "transform_matrix": [
        [
          -0.9099612708765432,
          0.0,
          -0.414693242656239,
          -142.2729576905025
        ],
        [
          -0.414693242656239,
          0.0,
          0.9099612708765432,
          312.1895128123245
        ],
        [
          0.0,
          1.0,
          0.0,
          0.0
        ],
        [
          0.0,
          0.0,
          0.0,
          1.0
        ]
      ]
    },
    {
      "file_path": "proj_walnut0051",
      "transform_matrix": [
        [
          -0.9063077870366499,
          0.0,
          -0.42261826174069944,
          -144.9918732379992
        ],
        [
          -0.42261826174069944,
          0.0,
          0.9063077870366499,
          310.9360755765339
        ],
        [
          0.0,
          1.0,
          0.0,
          0.0
        ],
        [
          0.0,
          0.0,
          0.0,
          1.0
        ]
      ]
    },
    {
      "file_path": "proj_walnut0052",
      "transform_matrix": [
        [
          -0.9025852843498606,
          0.0,
          -0.43051109680829514,
          -147.69974709298992
        ],
        [
          -0.43051109680829514,
          0.0,
          0.9025852843498606,
          309.6589593547502
        ],
        [
          0.0,
          1.0,
          0.0,
          0.0
        ],
        [
          0.0,
          0.0,
          0.0,
          1.0
        ]
      ]
    },
    {
      "file_path": "proj_walnut0053",
      "transform_matrix": [
        [
          -0.898794046299167,
          0.0,
          -0.4383711467890774,
          -150.3963730403967
        ],
        [
          -0.4383711467890774,
          0.0,
          0.898794046299167,
          308.3582614043183
        ],
        [
          0.0,
          1.0,
          0.0,
          0.0
        ],
        [
          0.0,
          0.0,
          0.0,
          1.0
        ]
      ]
    },
    {
      "file_path": "proj_walnut0054",
      "transform_matrix": [
        [
          -0.8949343616020251,
          0.0,
          -0.44619781310980877,
          -153.0815457217132
        ],
        [
          -0.44619781310980877,
          0.0,
          0.8949343616020251,
          307.03408077842283
        ],
        [
          0.0,
          1.0,
          0.0,
          0.0
        ],
        [
          0.0,
          0.0,
          0.0,
          1.0
        ]
      ]
    },
    {
      "file_path": "proj_walnut0055",
      "transform_matrix": [
        [
          -0.8910065241883679,
          0.0,
          -0.45399049973954675,
          -155.7550606506437
        ],
        [
          -0.45399049973954675,
          0.0,
          0.8910065241883679,
          305.68651831854527
        ],
        [
          0.0,
          1.0,
          0.0,
          0.0
        ],
        [
          0.0,
          0.0,
          0.0,
          1.0
        ]
      ]
    },
    {
      "file_path": "proj_walnut0056",
      "transform_matrix": [
        [
          -0.8870108331782217,
          0.0,
          -0.4617486132350339,
          -158.41671422867546
        ],
        [
          -0.4617486132350339,
          0.0,
          0.8870108331782217,
          304.31567664678437
        ],
        [
          0.0,
          1.0,
          0.0,
          0.0
        ],
        [
          0.0,
          0.0,
          0.0,
          1.0
        ]
      ]
    },
    {
      "file_path": "proj_walnut0057",
      "transform_matrix": [
        [
          -0.882947592858927,
          0.0,
          -0.4694715627858908,
          -161.06630376058342
        ],
        [
          -0.4694715627858908,
          0.0,
          0.882947592858927,
          302.9216601580407
        ],
        [
          0.0,
          1.0,
          0.0,
          0.0
        ],
        [
          0.0,
          0.0,
          0.0,
          1.0
        ]
      ]
    },
    {
      "file_path": "proj_walnut0058",
      "transform_matrix": [
        [
          -0.8788171126619654,
          0.0,
          -0.4771587602596084,
          -163.70362746986646
        ],
        [
          -0.4771587602596084,
          0.0,
          0.8788171126619654,
          301.5045750120671
        ],
        [
          0.0,
          1.0,
          0.0,
          0.0
        ],
        [
          0.0,
          0.0,
          0.0,
          1.0
        ]
      ]
    },
    {
      "file_path": "proj_walnut0059",
      "transform_matrix": [
        [
          -0.8746197071393957,
          0.0,
          -0.48480962024633706,
          -166.32848451411334
        ],
        [
          -0.48480962024633706,
          0.0,
          0.8746197071393957,
          300.0645291253839
        ],
        [
          0.0,
          1.0,
          0.0,
          0.0
        ],
        [
          0.0,
          0.0,
          0.0,
          1.0
        ]
      ]
    },
    {
      "file_path": "proj_walnut0060",
      "transform_matrix": [
        [
          -0.8703556959398997,
          0.0,
          -0.49242356010346716,
          -168.94067500029755
        ],
        [
          -0.49242356010346716,
          0.0,
          0.8703556959398997,
          298.6016321630608
        ],
        [
          0.0,
          1.0,
          0.0,
          0.0
        ],
        [
          0.0,
          0.0,
          0.0,
          1.0
        ]
      ]
    },
    {
      "file_path": "proj_walnut0061",
      "transform_matrix": [
        [
          -0.8660254037844387,
          0.0,
          -0.49999999999999994,
          -171.54
        ],
        [
          -0.49999999999999994,
          0.0,
          0.8660254037844387,
          297.11599553036524
        ],
        [
          0.0,
          1.0,
          0.0,
          0.0
        ],
        [
          0.0,
          0.0,
          0.0,
          1.0
        ]
      ]
    },
    {
      "file_path": "proj_walnut0062",
      "transform_matrix": [
        [
          -0.8616291604415258,
          0.0,
          -0.5075383629607041,
          -174.12626156455838
        ],
        [
          -0.5075383629607041,
          0.0,
          0.8616291604415258,
          295.6077323642787
        ],
        [
          0.0,
          1.0,
          0.0,
          0.0
        ],
        [
          0.0,
          0.0,
          0.0,
          1.0
        ]
      ]
    },
    {
      "file_path": "proj_walnut0063",
      "transform_matrix": [
        [
          -0.8571673007021123,
          0.0,
          -0.5150380749100542,
          -176.6992627401414
        ],
        [
          -0.5150380749100542,
          0.0,
          0.8571673007021123,
          294.07695752488075
        ],
        [
          0.0,
          1.0,
          0.0,
          0.0
        ],
        [
          0.0,
          0.0,
          0.0,
          1.0
        ]
      ]
    },
    {
      "file_path": "proj_walnut0064",
      "transform_matrix": [
        [
          -0.8526401643540922,
          0.0,
          -0.5224985647159488,
          -179.25880758274772
        ],
        [
          -0.5224985647159488,
          0.0,
          0.8526401643540922,
          292.523787586602
        ],
        [
          0.0,
          1.0,
          0.0,
          0.0
        ],
        [
          0.0,
          0.0,
          0.0,
          1.0
        ]
      ]
    },
    {
      "file_path": "proj_walnut0065",
      "transform_matrix": [
        [
          -0.848048096156426,
          0.0,
          -0.5299192642332049,
          -181.80470117312797
        ],
        [
          -0.5299192642332049,
          0.0,
          0.848048096156426,
          290.94834082934665
        ],
        [
          0.0,
          1.0,
          0.0,
          0.0
        ],
        [
          0.0,
          0.0,
          0.0,
          1.0
        ]
      ]
    },
    {
      "file_path": "proj_walnut0066",
      "transform_matrix": [
        [
          -0.8433914458128857,
          0.0,
          -0.5372996083468239,
          -184.33674963162835
        ],
        [
          -0.5372996083468239,
          0.0,
          0.8433914458128857,
          289.3507372294849
        ],
        [
          0.0,
          1.0,
          0.0,
          0.0
        ],
        [
          0.0,
          0.0,
          0.0,
          1.0
        ]
      ]
    },
    {
      "file_path": "proj_walnut0067",
      "transform_matrix": [
        [
          -0.838670567945424,
          0.0,
          -0.5446390350150271,
          -186.8547601329555
        ],
        [
          -0.5446390350150271,
          0.0,
          0.838670567945424,
          287.7310984507161
        ],
        [
          0.0,
          1.0,
          0.0,
          0.0
        ],
        [
          0.0,
          0.0,
          0.0,
          1.0
        ]
      ]
    },
    {
      "file_path": "proj_walnut0068",
      "transform_matrix": [
        [
          -0.8338858220671682,
          0.0,
          -0.5519369853120581,
          -189.35854092086095
        ],
        [
          -0.5519369853120581,
          0.0,
          0.8338858220671682,
          286.0895478348041
        ],
        [
          0.0,
          1.0,
          0.0,
          0.0
        ],
        [
          0.0,
          0.0,
          0.0,
          1.0
        ]
      ]
    },
    {
      "file_path": "proj_walnut0069",
      "transform_matrix": [
        [
          -0.8290375725550416,
          0.0,
          -0.5591929034707469,
          -191.84790132274387
        ],
        [
          -0.5591929034707469,
          0.0,
          0.8290375725550416,
          284.4262103921837
        ],
        [
          0.0,
          1.0,
          0.0,
          0.0
        ],
        [
          0.0,
          0.0,
          0.0,
          1.0
        ]
      ]
    },
    {
      "file_path": "proj_walnut0070",
      "transform_matrix": [
        [
          -0.8241261886220157,
          0.0,
          -0.5664062369248328,
          -194.32265176417167
        ],
        [
          -0.5664062369248328,
          0.0,
          0.8241261886220157,
          282.74121279244116
        ],
        [
          0.0,
          1.0,
          0.0,
          0.0
        ],
        [
          0.0,
          0.0,
          0.0,
          1.0
        ]
      ]
    },
    {
      "file_path": "proj_walnut0071",
      "transform_matrix": [
        [
          -0.8191520442889918,
          0.0,
          -0.573576436351046,
          -196.78260378331692
        ],
        [
          -0.573576436351046,
          0.0,
          0.8191520442889918,
          281.0346833546673
        ],
        [
          0.0,
          1.0,
          0.0,
          0.0
        ],
        [
          0.0,
          0.0,
          0.0,
          1.0
        ]
      ]
    },
    {
      "file_path": "proj_walnut0072",
      "transform_matrix": [
        [
          -0.8141155183563192,
          0.0,
          -0.5807029557109398,
          -199.22757004530925
        ],
        [
          -0.5807029557109398,
          0.0,
          0.8141155183563192,
          279.306752037686
        ],
        [
          0.0,
          1.0,
          0.0,
          0.0
        ],
        [
          0.0,
          0.0,
          0.0,
          1.0
        ]
      ]
    },
    {
      "file_path": "proj_walnut0073",
      "transform_matrix": [
        [
          -0.8090169943749475,
          0.0,
          -0.5877852522924731,
          -201.65736435650172
        ],
        [
          -0.5877852522924731,
          0.0,
          0.8090169943749475,
          277.557550430157
        ],
        [
          0.0,
          1.0,
          0.0,
          0.0
        ],
        [
          0.0,
          0.0,
          0.0,
          1.0
        ]
      ]
    },
    {
      "file_path": "proj_walnut0074",
      "transform_matrix": [
        [
          -0.8038568606172173,
          0.0,
          -0.5948227867513413,
          -204.0718016786502
        ],
        [
          -0.5948227867513413,
          0.0,
          0.8038568606172173,
          275.78721174055494
        ],
        [
          0.0,
          1.0,
          0.0,
          0.0
        ],
        [
          0.0,
          0.0,
          0.0,
          1.0
        ]
      ]
    },
    {
      "file_path": "proj_walnut0075",
      "transform_matrix": [
        [
          -0.7986355100472928,
          0.0,
          -0.6018150231520483,
          -206.47069814300474
        ],
        [
          -0.6018150231520483,
          0.0,
          0.7986355100472928,
          273.99587078702524
        ],
        [
          0.0,
          1.0,
          0.0,
          0.0
        ],
        [
          0.0,
          0.0,
          0.0,
          1.0
        ]
      ]
    },
    {
      "file_path": "proj_walnut0076",
      "transform_matrix": [
        [
          -0.7933533402912352,
          0.0,
          -0.6087614290087207,
          -208.8538710643119
        ],
        [
          -0.6087614290087207,
          0.0,
          0.7933533402912352,
          272.183663987117
        ],
        [
          0.0,
          1.0,
          0.0,
          0.0
        ],
        [
          0.0,
          0.0,
          0.0,
          1.0
        ]
      ]
    },
    {
      "file_path": "proj_walnut0077",
      "transform_matrix": [
        [
          -0.7880107536067219,
          0.0,
          -0.6156614753256583,
          -211.22113895472688
        ],
        [
          -0.6156614753256583,
          0.0,
          0.7880107536067219,
          270.3507293473942
        ],
        [
          0.0,
          1.0,
          0.0,
          0.0
        ],
        [
          0.0,
          0.0,
          0.0,
          1.0
        ]
      ]
    },
    {
      "file_path": "proj_walnut0078",
      "transform_matrix": [
        [
          -0.7826081568524139,
          0.0,
          -0.6225146366376195,
          -213.57232153763454
        ],
        [
          -0.6225146366376195,
          0.0,
          0.7826081568524139,
          268.4972064529262
        ],
        [
          0.0,
          1.0,
          0.0,
          0.0
        ],
        [
          0.0,
          0.0,
          0.0,
          1.0
        ]
      ]
    },
    {
      "file_path": "proj_walnut0079",
      "transform_matrix": [
        [
          -0.7771459614569709,
          0.0,
          -0.6293203910498374,
          -215.90723976137824
        ],
        [
          -0.6293203910498374,
          0.0,
          0.7771459614569709,
          266.6232364566576
        ],
        [
          0.0,
          1.0,
          0.0,
          0.0
        ],
        [
          0.0,
          0.0,
          0.0,
          1.0
        ]
      ]
    },
    {
      "file_path": "proj_walnut0080",
      "transform_matrix": [
        [
          -0.77162458338772,
          0.0,
          -0.636078220277764,
          -218.2257158128953
        ],
        [
          -0.636078220277764,
          0.0,
          0.77162458338772,
          264.72896206865903
        ],
        [
          0.0,
          1.0,
