{
  "camera_angle_x": 0.47801279693440274,
  "camera_angle_y": 0.5705655492527751,
  "fl_x": 564.302,
  "fl_y": 564.302,
  "k1": 0,
  "k2": 0,
  "p1": 0,
  "p2": 0,
  "cx": 137.5,
  "cy": 165.5,
  "w": 275,
  "h": 331,
  "scale": 0.016,
  "aabb_scale": 1,
  "frames": [
    {
      "file_path": "images-black/proj_jaw664",
      "sharpness": 5.823521010711343,
      "transform_matrix": [
        [
          0.03654952406173668,
          0.0,
          -0.9993318429284942,
          -163.1239347167469
        ],
        [
          -0.9993318429284942,
          0.0,
          -0.03654952406173668,
          -5.966088461169464
        ],
        [
          0.0,
          1.0,
          0.0,
          0.0
        ],
        [
          0.0,
          0.0,
          0.0,
          1.0
        ]
      ]
    },
    {
      "file_path": "images-black/proj_jaw334",
      "sharpness": 6.576149409502884,
      "transform_matrix": [
        [
          -0.9725350152567722,
          0.0,
          0.23275661988332333,
          37.99356133341452
        ],
        [
          0.23275661988332333,
          0.0,
          0.9725350152567722,
          158.7498081454087
        ],
        [
          0.0,
          1.0,
          0.0,
          0.0
        ],
        [
          0.0,
          0.0,
          0.0,
          1.0
        ]
      ]
    },
    {
      "file_path": "images-black/proj_jaw451",
      "sharpness": 7.017083218895908,
      "transform_matrix": [
        [
          -0.9137173821409977,
          0.0,
          -0.4063502744842211,
          -66.32977435488287
        ],
        [
          -0.4063502744842211,
          0.0,
          0.9137173821409977,
          149.14882943902148
        ],
        [
          0.0,
          1.0,
          0.0,
          0.0
        ],
        [
          0.0,
          0.0,
          0.0,
          1.0
        ]
      ]
    },
    {
      "file_path": "images-black/proj_jaw156",
      "sharpness": 6.594078549848943,
      "transform_matrix": [
        [
          -0.3358864250041599,
          0.0,
          0.9419024946871756,
          153.74956991527173
        ],
        [
          0.9419024946871756,
          0.0,
          0.3358864250041599,
          54.82774881270403
        ],
        [
          0.0,
          1.0,
          0.0,
          0.0
        ],
        [
          0.0,
          0.0,
          0.0,
          1.0
        ]
      ]
    },
    {
      "file_path": "images-black/proj_jaw639",
      "sharpness": 5.44821752265861,
      "transform_matrix": [
        [
          -0.10265955184044637,
          0.0,
          -0.994716550790183,
          -162.37056673513393
        ],
        [
          -0.994716550790183,
          0.0,
          0.10265955184044637,
          16.757426625571583
        ],
        [
          0.0,
          1.0,
          0.0,
          0.0
        ],
        [
          0.0,
          0.0,
          0.0,
          1.0
        ]
      ]
    },
    {
      "file_path": "images-black/proj_jaw095",
      "sharpness": 5.652974457566603,
      "transform_matrix": [
        [
          -0.0030759634231302094,
          0.0,
          0.9999952692133196,
          163.2322277794978
        ],
        [
          0.9999952692133196,
          0.0,
          0.0030759634231302094,
          0.5020987374478135
        ],
        [
          0.0,
          1.0,
          0.0,
          0.0
        ],
        [
          0.0,
          0.0,
          0.0,
          1.0
        ]
      ]
    },
    {
      "file_path": "images-black/proj_jaw083",
      "sharpness": 5.898401538039001,
      "transform_matrix": [
        [
          0.06407214656194225,
          0.0,
          0.9979452690578502,
          162.89760010412007
        ],
        [
          0.9979452690578502,
          0.0,
          -0.06407214656194225,
          -10.45868869974552
        ],
        [
          0.0,
          1.0,
          0.0,
          0.0
        ],
        [
          0.0,
          0.0,
          0.0,
          1.0
        ]
      ]
    },
    {
      "file_path": "images-black/proj_jaw603",
      "sharpness": 6.2640593243614395,
      "transform_matrix": [
        [
          -0.29925846056085376,
          0.0,
          -0.9541720881385851,
          -155.75237246312568
        ],
        [
          -0.9541720881385851,
          0.0,
          0.29925846056085376,
          48.84885629272984
        ],
        [
          0.0,
          1.0,
          0.0,
          0.0
        ],
        [
          0.0,
          0.0,
          0.0,
          1.0
        ]
      ]
    },
    {
      "file_path": "images-black/proj_jaw297",
      "sharpness": 6.861433672068113,
      "transform_matrix": [
        [
          -0.9041110402742665,
          0.0,
          0.4272975858277036,
          69.74906682741354
        ],
        [
          0.4272975858277036,
          0.0,
          0.9041110402742665,
          147.58075743708935
        ],
        [
          0.0,
          1.0,
          0.0,
          0.0
        ],
        [
          0.0,
          0.0,
          0.0,
          1.0
        ]
      ]
    },
    {
      "file_path": "images-black/proj_jaw591",
      "sharpness": 6.6642351002471845,
      "transform_matrix": [
        [
          -0.36218036139775517,
          0.0,
          -0.9321080333404447,
          -152.1507906062608
        ],
        [
          -0.9321080333404447,
          0.0,
          0.36218036139775517,
          59.11978693203977
        ],
        [
          0.0,
          1.0,
          0.0,
          0.0
        ],
        [
          0.0,
          0.0,
          0.0,
          1.0
        ]
      ]
    },
    {
      "file_path": "images-black/proj_jaw255",
      "sharpness": 7.863224388904147,
      "transform_matrix": [
        [
          -0.7799738369447323,
          0.0,
          0.6258121233099533,
          102.1531903242536
        ],
        [
          0.6258121233099533,
          0.0,
          0.7799738369447323,
          127.3174693259995
        ],
        [
          0.0,
          1.0,
          0.0,
          0.0
        ],
        [
          0.0,
          0.0,
          0.0,
          1.0
        ]
      ]
    },
    {
      "file_path": "images-black/proj_jaw093",
      "sharpness": 6.067563856083494,
      "transform_matrix": [
        [
          0.008456892082516477,
          0.0,
          0.9999642398487582,
          163.22716276323234
        ],
        [
          0.9999642398487582,
          0.0,
          -0.008456892082516477,
          -1.380443865305412
        ],
        [
          0.0,
          1.0,
          0.0,
          0.0
        ],
        [
          0.0,
          0.0,
          0.0,
          1.0
        ]
      ]
    },
    {
      "file_path": "images-black/proj_jaw687",
      "sharpness": 6.4620928316396595,
      "transform_matrix": [
        [
          0.16368324437312132,
          0.0,
          -0.9865129474626722,
          -161.03146795317437
        ],
        [
          -0.9865129474626722,
          0.0,
          -0.16368324437312132,
          -26.718507028757713
        ],
        [
          0.0,
          1.0,
          0.0,
          0.0
        ],
        [
          0.0,
          0.0,
          0.0,
          1.0
        ]
      ]
    },
    {
      "file_path": "images-black/proj_jaw577",
      "sharpness": 6.96147212304312,
      "transform_matrix": [
        [
          -0.43436303921091624,
          0.0,
          -0.9007378920459914,
          -147.03014833234332
        ],
        [
          -0.9007378920459914,
          0.0,
          0.43436303921091624,
          70.9023819795155
        ],
        [
          0.0,
          1.0,
          0.0,
          0.0
        ],
        [
          0.0,
          0.0,
          0.0,
          1.0
        ]
      ]
    },
    {
      "file_path": "images-black/proj_jaw277",
      "sharpness": 7.267651744026367,
      "transform_matrix": [
        [
          -0.8510472738066246,
          0.0,
          0.5250890760112156,
          85.71186514453875
        ],
        [
          0.5250890760112156,
          0.0,
          0.8510472738066246,
          138.91899964527676
        ],
        [
          0.0,
          1.0,
          0.0,
          0.0
        ],
        [
          0.0,
          0.0,
          0.0,
          1.0
        ]
      ]
    },
    {
      "file_path": "images-black/proj_jaw007",
      "sharpness": 5.5943971436418565,
      "transform_matrix": [
        [
          0.46782137565959964,
          0.0,
          0.8838230368552066,
          144.26908577498594
        ],
        [
          0.8838230368552066,
          0.0,
          -0.46782137565959964,
          -76.36388661304343
        ],
        [
          0.0,
          1.0,
          0.0,
          0.0
        ],
        [
          0.0,
          0.0,
          0.0,
          1.0
        ]
      ]
    },
    {
      "file_path": "images-black/proj_jaw272",
      "sharpness": 7.315287009063444,
      "transform_matrix": [
        [
          -0.8359690735721943,
          0.0,
          0.5487765556497901,
          89.5784435083822
        ],
        [
          0.5487765556497901,
          0.0,
          0.8359690735721943,
          136.45773978641
        ],
        [
          0.0,
          1.0,
          0.0,
          0.0
        ],
        [
          0.0,
          0.0,
          0.0,
          1.0
        ]
      ]
    },
    {
      "file_path": "images-black/proj_jaw436",
      "sharpness": 6.898983795660532,
      "transform_matrix": [
        [
          -0.9445033790285733,
          0.0,
          -0.3285017001532979,
          -53.62231802112328
        ],
        [
          -0.3285017001532979,
          0.0,
          0.9445033790285733,
          154.17412006897112
        ],
        [
          0.0,
          1.0,
          0.0,
          0.0
        ],
        [
          0.0,
          0.0,
          0.0,
          1.0
        ]
      ]
    },
    {
      "file_path": "images-black/proj_jaw559",
      "sharpness": 5.795308981049162,
      "transform_matrix": [
        [
          -0.5223612028159885,
          0.0,
          -0.852724324616481,
          -139.19274968012203
        ],
        [
          -0.852724324616481,
          0.0,
          0.5223612028159885,
          85.26658621926225
        ],
        [
          0.0,
          1.0,
          0.0,
          0.0
        ],
        [
          0.0,
          0.0,
          0.0,
          1.0
        ]
      ]
    },
    {
      "file_path": "images-black/proj_jaw499",
      "sharpness": 7.363976929414996,
      "transform_matrix": [
        [
          -0.7739633431385704,
          0.0,
          -0.6332304031533605,
          -103.36409839793251
        ],
        [
          -0.6332304031533605,
          0.0,
          0.7739633431385704,
          126.33635839053827
        ],
        [
          0.0,
          1.0,
          0.0,
          0.0
        ],
        [
          0.0,
          0.0,
          0.0,
          1.0
        ]
      ]
    },
    {
      "file_path": "images-black/proj_jaw504",
      "sharpness": 7.548409777533645,
      "transform_matrix": [
        [
          -0.7558792944650896,
          0.0,
          -0.6547109989903624,
          -106.87044049819383
        ],
        [
          -0.6547109989903624,
          0.0,
          0.7558792944650896,
          123.38444487341998
        ],
        [
          0.0,
          1.0,
          0.0,
          0.0
        ],
        [
          0.0,
          0.0,
          0.0,
          1.0
        ]
      ]
    },
    {
      "file_path": "images-black/proj_jaw667",
      "sharpness": 6.092018676187861,
      "transform_matrix": [
        [
          0.05308000159703975,
          0.0,
          -0.9985902630360755,
          -163.0028844061677
        ],
        [
          -0.9985902630360755,
          0.0,
          -0.05308000159703975,
          -8.66440790068959
        ],
        [
          0.0,
          1.0,
          0.0,
          0.0
        ],
        [
          0.0,
          0.0,
          0.0,
          1.0
        ]
      ]
    },
    {
      "file_path": "images-black/proj_jaw346",
      "sharpness": 6.674210381763252,
      "transform_matrix": [
        [
          -0.9858842507018664,
          0.0,
          0.16742832561433418,
          27.32982787500461
        ],
        [
          0.16742832561433418,
          0.0,
          0.9858842507018664,
          160.92884389481776
        ],
        [
          0.0,
          1.0,
          0.0,
          0.0
        ],
        [
          0.0,
          0.0,
          0.0,
          1.0
        ]
      ]
    },
    {
      "file_path": "images-black/proj_jaw199",
      "sharpness": 5.74637736885471,
      "transform_matrix": [
        [
          -0.5503076266267727,
          0.0,
          0.834961984809134,
          136.29334966634937
        ],
        [
          0.834961984809134,
          0.0,
          0.5503076266267727,
          89.828364817168
        ],
        [
          0.0,
          1.0,
          0.0,
          0.0
        ],
        [
          0.0,
          0.0,
          0.0,
          1.0
        ]
      ]
    },
    {
      "file_path": "images-black/proj_jaw008",
      "sharpness": 5.365163416643779,
      "transform_matrix": [
        [
          0.46293932465898285,
          0.0,
          0.8863899715612112,
          144.6880942278512
        ],
        [
          0.8863899715612112,
          0.0,
          -0.46293932465898285,
          -75.56697478205975
        ],
        [
          0.0,
          1.0,
          0.0,
          0.0
        ],
        [
          0.0,
          0.0,
          0.0,
          1.0
        ]
      ]
    },
    {
      "file_path": "images-black/proj_jaw702",
      "sharpness": 6.240944795385883,
      "transform_matrix": [
        [
          0.24562310031146953,
          0.0,
          -0.9693654071573742,
          -158.23242350651967
        ],
        [
          -0.9693654071573742,
          0.0,
          -0.24562310031146953,
          -40.09379553314211
        ],
        [
          0.0,
          1.0,
          0.0,
          0.0
        ],
        [
          0.0,
          0.0,
          0.0,
          1.0
        ]
      ]
    },
    {
      "file_path": "images-black/proj_jaw571",
      "sharpness": 6.499862675089261,
      "transform_matrix": [
        [
          -0.46392929736076693,
          0.0,
          -0.8858722295288103,
          -144.6035816426763
        ],
        [
          -0.8858722295288103,
          0.0,
          0.46392929736076693,
          75.72857099609007
        ],
        [
          0.0,
          1.0,
          0.0,
          0.0
        ],
        [
          0.0,
          0.0,
          0.0,
          1.0
        ]
      ]
    },
    {
      "file_path": "images-black/proj_jaw344",
      "sharpness": 6.680801977478715,
      "transform_matrix": [
        [
          -0.983977310097231,
          0.0,
          0.17829372735409904,
          29.10341999719165
        ],
        [
          0.17829372735409904,
          0.0,
          0.983977310097231,
          160.61756825910132
        ],
        [
          0.0,
          1.0,
          0.0,
          0.0
        ],
        [
          0.0,
          0.0,
          0.0,
          1.0
        ]
      ]
    },
    {
      "file_path": "images-black/proj_jaw017",
      "sharpness": 5.816995330953035,
      "transform_matrix": [
        [
          0.41792954726140885,
          0.0,
          0.9084794403429688,
          148.29382448550382
        ],
        [
          0.9084794403429688,
          0.0,
          -0.41792954726140885,
          -68.21989378812155
        ],
        [
          0.0,
          1.0,
          0.0,
          0.0
        ],
        [
          0.0,
          0.0,
          0.0,
          1.0
        ]
      ]
    },
    {
      "file_path": "images-black/proj_jaw420",
      "sharpness": 6.807778082944246,
      "transform_matrix": [
        [
          -0.9701469593587074,
          0.0,
          -0.24251778748589645,
          -39.58690600468534
        ],
        [
          -0.24251778748589645,
          0.0,
          0.9701469593587074,
          158.3599986169999
        ],
        [
          0.0,
          1.0,
          0.0,
          0.0
        ],
        [
          0.0,
          0.0,
          0.0,
          1.0
        ]
      ]
    },
    {
      "file_path": "images-black/proj_jaw031",
      "sharpness": 5.725943422136775,
      "transform_matrix": [
        [
          0.3461299929215743,
          0.0,
          0.9381865635363315,
          153.143007325726
        ],
        [
          0.9381865635363315,
          0.0,
          -0.3461299929215743,
          -56.49983713456734
        ],
        [
          0.0,
          1.0,
          0.0,
          0.0
        ],
        [
          0.0,
          0.0,
          0.0,
          1.0
        ]
      ]
    },
    {
      "file_path": "images-black/proj_jaw692",
      "sharpness": 6.303828618511398,
      "transform_matrix": [
        [
          0.19082441471674438,
          0.0,
          -0.9816241861058701,
          -160.2334607706195
        ],
        [
          -0.9816241861058701,
          0.0,
          -0.19082441471674438,
          -31.148841687458336
        ],
        [
          0.0,
          1.0,
          0.0,
          0.0
        ],
        [
          0.0,
          0.0,
          0.0,
          1.0
        ]
      ]
    },
    {
      "file_path": "images-black/proj_jaw178",
      "sharpness": 6.112474594891514,
      "transform_matrix": [
        [
          -0.4487778644025585,
          0.0,
          0.8936433452011372,
          145.87208416721722
        ],
        [
          0.8936433452011372,
          0.0,
          0.4487778644025585,
          73.25535714002284
        ],
        [
          0.0,
          1.0,
          0.0,
          0.0
        ],
        [
          0.0,
          0.0,
          0.0,
          1.0
        ]
      ]
    },
    {
      "file_path": "images-black/proj_jaw594",
      "sharpness": 6.748234001647899,
      "transform_matrix": [
        [
          -0.3467076176704304,
          0.0,
          -0.9379732554019302,
          -153.10818839902328
        ],
        [
          -0.9379732554019302,
          0.0,
          0.3467076176704304,
          56.59412455519737
        ],
        [
          0.0,
          1.0,
          0.0,
          0.0
        ],
        [
          0.0,
          0.0,
          0.0,
          1.0
        ]
      ]
    },
    {
      "file_path": "images-black/proj_jaw079",
      "sharpness": 5.652007690195001,
      "transform_matrix": [
        [
          0.08607248897207634,
          0.0,
          0.9962888771045032,
          162.62722227639938
        ],
        [
          0.9962888771045032,
          0.0,
          -0.08607248897207634,
          -14.049870592378937
        ],
        [
          0.0,
          1.0,
          0.0,
          0.0
        ],
        [
          0.0,
          0.0,
          0.0,
          1.0
        ]
      ]
    },
    {
      "file_path": "images-black/proj_jaw615",
      "sharpness": 6.044756934907992,
      "transform_matrix": [
        [
          -0.2345186407284893,
          0.0,
          -0.9721116227835473,
          -158.68069652182677
        ],
        [
          -0.9721116227835473,
          0.0,
          0.2345186407284893,
          38.281181282033494
        ],
        [
          0.0,
          1.0,
          0.0,
          0.0
        ],
        [
          0.0,
          0.0,
          0.0,
          1.0
        ]
      ]
    },
    {
      "file_path": "images-black/proj_jaw064",
      "sharpness": 6.057215050810217,
      "transform_matrix": [
        [
          0.16860774029437342,
          0.0,
          0.9856832300048658,
          160.89603068338425
        ],
        [
          0.9856832300048658,
          0.0,
          -0.16860774029437342,
          -27.522347271471457
        ],
        [
          0.0,
          1.0,
          0.0,
          0.0
        ],
        [
          0.0,
          0.0,
          0.0,
          1.0
        ]
      ]
    },
    {
      "file_path": "images-black/proj_jaw056",
      "sharpness": 6.297215050810217,
      "transform_matrix": [
        [
          0.21241389017510778,
          0.0,
          0.9771797886063123,
          159.50798843357418
        ],
        [
          0.9771797886063123,
          0.0,
          -0.21241389017510778,
          -34.67295653495337
        ],
        [
          0.0,
          1.0,
          0.0,
          0.0
        ],
        [
          0.0,
          0.0,
          0.0,
          1.0
        ]
      ]
    },
    {
      "file_path": "images-black/proj_jaw203",
      "sharpness": 5.617885196374623,
      "transform_matrix": [
        [
          -0.5685940117394906,
          0.0,
          0.8226182892532794,
          134.27845120968055
        ],
        [
          0.8226182892532794,
          0.0,
          0.5685940117394906,
          92.81330631827228
        ],
        [
          0.0,
          1.0,
          0.0,
          0.0
        ],
        [
          0.0,
          0.0,
          0.0,
          1.0
        ]
      ]
    },
    {
      "file_path": "images-black/proj_jaw744",
      "sharpness": 5.936215325460038,
      "transform_matrix": [
        [
          0.4629574249579095,
          0.0,
          -0.8863805179923245,
          -144.68655109344112
        ],
        [
          -0.8863805179923245,
          0.0,
          -0.4629574249579095,
          -75.56992934815445
        ],
        [
          0.0,
          1.0,
          0.0,
          0.0
        ],
        [
          0.0,
          0.0,
          0.0,
          1.0
        ]
      ]
    },
    {
      "file_path": "images-black/proj_jaw656",
      "sharpness": 5.803746223564954,
      "transform_matrix": [
        [
          -0.008069791273685496,
          0.0,
          -0.9999674387042806,
          -163.22768492201584
        ],
        [
          -0.9999674387042806,
          0.0,
          0.008069791273685496,
          1.3172562389775047
        ],
        [
          0.0,
          1.0,
          0.0,
          0.0
        ],
        [
          0.0,
          0.0,
          0.0,
          1.0
        ]
      ]
    },
    {
      "file_path": "images-black/proj_jaw677",
      "sharpness": 6.111090359791266,
      "transform_matrix": [
        [
          0.10854971943190389,
          0.0,
          -0.994091021190341,
          -162.26845966196294
        ],
        [
          -0.994091021190341,
          0.0,
          -0.10854971943190389,
          -17.71889635202797
        ],
        [
          0.0,
          1.0,
          0.0,
          0.0
        ],
        [
          0.0,
          0.0,
          0.0,
          1.0
        ]
      ]
    },
    {
      "file_path": "images-black/proj_jaw379",
      "sharpness": 8.131678110409228,
      "transform_matrix": [
        [
          -0.9998670473156815,
          0.0,
          -0.0163060630509239,
          -2.661687589991461
        ],
        [
          -0.0163060630509239,
          0.0,
          0.9998670473156815,
          163.21129773448064
        ],
        [
          0.0,
          1.0,
          0.0,
          0.0
        ],
        [
          0.0,
          0.0,
          0.0,
          1.0
        ]
      ]
    },
    {
      "file_path": "images-black/proj_jaw377",
      "sharpness": 8.231672617412798,
      "transform_matrix": [
        [
          -0.999988605321127,
          0.0,
          -0.004773806437975125,
          -0.7792427462899936
        ],
        [
          -0.004773806437975125,
          0.0,
          0.999988605321127,
          163.23114001238352
        ],
        [
          0.0,
          1.0,
          0.0,
          0.0
        ],
        [
          0.0,
          0.0,
          0.0,
          1.0
        ]
      ]
    },
    {
      "file_path": "images-black/proj_jaw566",
      "sharpness": 5.746948640483383,
      "transform_matrix": [
        [
          -0.4886186527470385,
          0.0,
          -0.8724974568373647,
          -142.42037737193354
        ],
        [
          -0.8724974568373647,
          0.0,
          0.4886186527470385,
          79.75868854385733
        ],
        [
          0.0,
          1.0,
          0.0,
          0.0
        ],
        [
          0.0,
          0.0,
          0.0,
          1.0
        ]
      ]
    },
    {
      "file_path": "images-black/proj_jaw184",
      "sharpness": 5.950475144191156,
      "transform_matrix": [
        [
          -0.478541831992145,
          0.0,
          0.8780647556038231,
          143.32914425147885
        ],
        [
          0.8780647556038231,
          0.0,
          0.478541831992145,
          78.1138188615738
        ],
        [
          0.0,
          1.0,
          0.0,
          0.0
        ],
        [
          0.0,
          0.0,
          0.0,
          1.0
        ]
      ]
    },
    {
      "file_path": "images-black/proj_jaw715",
      "sharpness": 6.271661631419939,
      "transform_matrix": [
        [
          0.31491661512283164,
          0.0,
          -0.9491193420848499,
          -154.92759756653632
        ],
        [
          -0.9491193420848499,
          0.0,
          -0.31491661512283164,
          -51.40478383634518
        ],
        [
          0.0,
          1.0,
          0.0,
          0.0
        ],
        [
          0.0,
          0.0,
          0.0,
          1.0
        ]
      ]
    },
    {
      "file_path": "images-black/proj_jaw362",
      "sharpness": 7.260730568525131,
      "transform_matrix": [
        [
          -0.9969232739369809,
          0.0,
          0.07838358171690937,
          12.794787194396267
        ],
        [
          0.07838358171690937,
          0.0,
          0.9969232739369809,
          162.7307767745552
        ],
        [
          0.0,
          1.0,
          0.0,
          0.0
        ],
        [
          0.0,
          0.0,
          0.0,
          1.0
        ]
      ]
    },
    {
      "file_path": "images-black/proj_jaw224",
      "sharpness": 6.1137929140346055,
      "transform_matrix": [
        [
          -0.6609852905000063,
          0.0,
          0.7503988577700677,
          122.48985675038145
        ],
        [
          0.7503988577700677,
          0.0,
          0.6609852905000063,
          107.89461192418753
        ],
        [
          0.0,
          1.0,
          0.0,
          0.0
        ],
        [
          0.0,
          0.0,
          0.0,
          1.0
        ]
      ]
    },
    {
      "file_path": "images-black/proj_jaw360",
      "sharpness": 7.107124416369129,
      "transform_matrix": [
        [
          -0.9959529999276179,
          0.0,
          0.0898755914315913,
          14.670662416152942
        ],
        [
          0.0898755914315913,
          0.0,
          0.9959529999276179,
          162.57239603718486
        ],
        [
          0.0,
          1.0,
          0.0,
          0.0
        ],
        [
          0.0,
          0.0,
          0.0,
          1.0
        ]
      ]
    },
    {
      "file_path": "images-black/proj_jaw132",
      "sharpness": 6.287525405108487,
      "transform_matrix": [
        [
          -0.20764314205845644,
          0.0,
          0.9782046440066064,
          159.6752786551304
        ],
        [
          0.9782046440066064,
          0.0,
          0.20764314205845644,
          33.89421300762802
        ],
        [
          0.0,
          1.0,
          0.0,
          0.0
        ],
        [
          0.0,
          0.0,
          0.0,
          1.0
        ]
      ]
    },
    {
      "file_path": "images-black/proj_jaw641",
      "sharpness": 5.885174402636638,
      "transform_matrix": [
        [
          -0.09118095154682711,
          0.0,
          -0.9958343406787171,
          -162.55302693200903
        ],
        [
          -0.9958343406787171,
          0.0,
          0.09118095154682711,
          14.88374026384323
        ],
        [
          0.0,
          1.0,
          0.0,
          0.0
        ],
        [
          0.0,
          0.0,
          0.0,
          1.0
        ]
      ]
    },
    {
      "file_path": "images-black/proj_jaw162",
      "sharpness": 6.6434935457291955,
      "transform_matrix": [
        [
          -0.3673351066992984,
          0.0,
          0.9300886621103469,
          151.82116258225827
        ],
        [
          0.9300886621103469,
          0.0,
          0.3673351066992984,
          59.96121147184658
        ],
        [
          0.0,
          1.0,
          0.0,
          0.0
        ],
        [
          0.0,
          0.0,
          0.0,
          1.0
        ]
      ]
    },
    {
      "file_path": "images-black/proj_jaw229",
      "sharpness": 6.5509035979126615,
      "transform_matrix": [
        [
          -0.6814264284312183,
          0.0,
          0.7318866187022918,
          119.4680484306312
        ],
        [
          0.7318866187022918,
          0.0,
          0.6814264284312183,
          111.23128019211305
        ],
        [
          0.0,
          1.0,
          0.0,
          0.0
        ],
        [
          0.0,
          0.0,
          0.0,
          1.0
        ]
      ]
    },
    {
      "file_path": "images-black/proj_jaw169",
      "sharpness": 6.791343037627025,
      "transform_matrix": [
        [
          -0.403422330956394,
          0.0,
          0.9150138921818126,
          149.3604626625138
        ],
        [
          0.9150138921818126,
          0.0,
          0.403422330956394,
          65.85183734900507
        ],
        [
          0.0,
          1.0,
          0.0,
          0.0
        ],
        [
          0.0,
          0.0,
          0.0,
          1.0
        ]
      ]
    },
    {
      "file_path": "images-black/proj_jaw582",
      "sharpness": 6.566283987915408,
      "transform_matrix": [
        [
          -0.40890217834781994,
          0.0,
          -0.9125782205062795,
          -148.96288066790152
        ],
        [
          -0.9125782205062795,
          0.0,
          0.40890217834781994,
          66.74632927824969
        ],
        [
          0.0,
          1.0,
          0.0,
          0.0
        ],
        [
          0.0,
          0.0,
          0.0,
          1.0
        ]
      ]
    },
    {
      "file_path": "images-black/proj_jaw398",
      "sharpness": 7.375819829717111,
      "transform_matrix": [
        [
          -0.9925539345142148,
          0.0,
          -0.1218059402506783,
          -19.882749044938972
        ],
        [
          -0.1218059402506783,
          0.0,
          0.9925539345142148,
          162.01755639255882
        ],
        [
          0.0,
          1.0,
          0.0,
          0.0
        ],
        [
          0.0,
          0.0,
          0.0,
          1.0
        ]
      ]
    },
    {
      "file_path": "images-black/proj_jaw329",
      "sharpness": 6.730392749244713,
      "transform_matrix": [
        [
          -0.9656166122690406,
          0.0,
          0.2599703023617532,
          42.435732365416065
        ],
        [
          0.2599703023617532,
          0.0,
          0.9656166122690406,
          157.6204964705123
        ],
        [
          0.0,
          1.0,
          0.0,
          0.0
        ],
        [
          0.0,
          0.0,
          0.0,
          1.0
        ]
      ]
    },
    {
      "file_path": "images-black/proj_jaw195",
      "sharpness": 5.523295797857731,
      "transform_matrix": [
        [
          -0.5313286443419128,
          0.0,
          0.8471657876129,
          138.28541300941652
        ],
        [
          0.8471657876129,
          0.0,
          0.5313286443419128,
          86.73036860186346
        ],
        [
          0.0,
          1.0,
          0.0,
          0.0
        ],
        [
          0.0,
          0.0,
          0.0,
          1.0
        ]
      ]
    },
    {
      "file_path": "images-black/proj_jaw529",
      "sharpness": 5.788299917605054,
      "transform_matrix": [
        [
          -0.6575767134190719,
          0.0,
          -0.7533875934530458,
          -122.97771704212103
        ],
        [
          -0.7533875934530458,
          0.0,
          0.6575767134190719,
          107.33821966153536
        ],
        [
          0.0,
          1.0,
          0.0,
          0.0
        ],
        [
          0.0,
          0.0,
          0.0,
          1.0
        ]
      ]
    },
    {
      "file_path": "images-black/proj_jaw368",
      "sharpness": 7.7671189233727,
      "transform_matrix": [
        [
          -0.9989709814509935,
          0.0,
          0.04535392175808751,
          7.403256710337899
        ],
        [
          0.04535392175808751,
          0.0,
          0.9989709814509935,
          163.06503021519003
        ],
        [
          0.0,
          1.0,
          0.0,
          0.0
        ],
        [
          0.0,
          0.0,
          0.0,
          1.0
        ]
      ]
    },
    {
      "file_path": "images-black/proj_jaw572",
      "sharpness": 6.4031200219719855,
      "transform_matrix": [
        [
          -0.45903600275968215,
          0.0,
          -0.8884176653862828,
          -145.0190807739991
        ],
        [
          -0.8884176653862828,
          0.0,
          0.45903600275968215,
          74.9298238384712
        ],
        [
          0.0,
          1.0,
          0.0,
          0.0
        ],
        [
          0.0,
          0.0,
          0.0,
          1.0
        ]
      ]
    },
    {
      "file_path": "images-black/proj_jaw175",
      "sharpness": 6.275814336720681,
      "transform_matrix": [
        [
          -0.433929722574488,
          0.0,
          0.9009467219910553,
          147.06423627076595
        ],
        [
          0.9009467219910553,
          0.0,
          0.433929722574488,
          70.8316504050014
        ],
        [
          0.0,
          1.0,
          0.0,
          0.0
        ],
        [
          0.0,
          0.0,
          0.0,
          1.0
        ]
      ]
    },
    {
      "file_path": "images-black/proj_jaw263",
      "sharpness": 7.437209557813787,
      "transform_matrix": [
        [
          -0.807412391079154,
          0.0,
          0.5899874835382894,
          96.3054269004056
        ],
        [
          0.5899874835382894,
          0.0,
          0.807412391079154,
          131.79634683302353
        ],
        [
          0.0,
          1.0,
          0.0,
          0.0
        ],
        [
          0.0,
          0.0,
          0.0,
          1.0
        ]
      ]
    },
    {
      "file_path": "images-black/proj_jaw746",
      "sharpness": 6.044581159022247,
      "transform_matrix": [
        [
          0.4727071887735407,
          0.0,
          -0.8812195604285099,
          -143.84411250742696
        ],
        [
          -0.8812195604285099,
          0.0,
          -0.4727071887735407,
          -77.16141254507137
        ],
        [
          0.0,
          1.0,
          0.0,
          0.0
        ],
        [
          0.0,
          0.0,
          0.0,
          1.0
        ]
      ]
    },
    {
      "file_path": "images-black/proj_jaw024",
      "sharpness": 5.955484756934908,
      "transform_matrix": [
        [
          0.3825500767816017,
          0.0,
          0.9239347589274854,
          150.81664250401025
        ],
        [
          0.9239347589274854,
          0.0,
          -0.3825500767816017,
          -62.44479668329119
        ],
        [
          0.0,
          1.0,
          0.0,
          0.0
        ],
        [
          0.0,
          0.0,
          0.0,
          1.0
        ]
      ]
    },
    {
      "file_path": "images-black/proj_jaw743",
      "sharpness": 6.064927217797308,
      "transform_matrix": [
        [
          0.45806134155573075,
          0.0,
          -0.888920585526156,
          -145.10117393719102
        ],
        [
          -0.888920585526156,
          0.0,
          -0.45806134155573075,
          -74.7707269661666
        ],
        [
          0.0,
          1.0,
          0.0,
          0.0
        ],
        [
          0.0,
          0.0,
          0.0,
          1.0
        ]
      ]
    },
    {
      "file_path": "images-black/proj_jaw663",
      "sharpness": 6.2329909365558915,
      "transform_matrix": [
        [
          0.031036917389348804,
          0.0,
          -0.9995182388325722,
          -163.15436067935727
        ],
        [
          -0.9995182388325722,
          0.0,
          -0.031036917389348804,
          -5.066249136215573
        ],
        [
          0.0,
          1.0,
          0.0,
          0.0
        ],
        [
          0.0,
          0.0,
          0.0,
          1.0
        ]
      ]
    },
    {
      "file_path": "images-black/proj_jaw512",
      "sharpness": 7.195605602856358,
      "transform_matrix": [
        [
          -0.7259182608342136,
          0.0,
          -0.6877809815540341,
          -112.26855296200965
        ],
        [
          -0.6877809815540341,
          0.0,
          0.7259182608342136,
          118.4938154707512
        ],
        [
          0.0,
          1.0,
          0.0,
          0.0
        ],
        [
          0.0,
          0.0,
          0.0,
          1.0
        ]
      ]
    },
    {
      "file_path": "images-black/proj_jaw539",
      "sharpness": 5.695138698159846,
      "transform_matrix": [
        [
          -0.6142515955804614,
          0.0,
          -0.7891102440894158,
          -128.8088324734476
        ],
        [
          -0.7891102440894158,
          0.0,
          0.6142515955804614,
          100.26613070138545
        ],
        [
          0.0,
          1.0,
          0.0,
          0.0
        ],
        [
          0.0,
          0.0,
          0.0,
          1.0
        ]
      ]
    },
    {
      "file_path": "images-black/proj_jaw496",
      "sharpness": 7.340159296896457,
      "transform_matrix": [
        [
          -0.7843351552694201,
          0.0,
          -0.6203372987403664,
          -101.25951828528622
        ],
        [
          -0.6203372987403664,
          0.0,
          0.7843351552694201,
          128.02938040009326
        ],
        [
          0.0,
          1.0,
          0.0,
          0.0
        ],
        [
          0.0,
          0.0,
          0.0,
          1.0
        ]
      ]
    },
    {
      "file_path": "images-black/proj_jaw301",
      "sharpness": 7.001614940950288,
      "transform_matrix": [
        [
          -0.9135218167839725,
          0.0,
          0.40678973716123945,
          66.4015091660406
        ],
        [
          0.40678973716123945,
          0.0,
          0.9135218167839725,
          149.11690671909818
        ],
        [
          0.0,
          1.0,
          0.0,
          0.0
        ],
        [
          0.0,
          0.0,
          0.0,
          1.0
        ]
      ]
    },
    {
      "file_path": "images-black/proj_jaw378",
      "sharpness": 8.14589398516891,
      "transform_matrix": [
        [
          -0.9999417774903289,
          0.0,
          -0.010790812271629225,
          -1.7614166595348533
        ],
        [
          -0.010790812271629225,
          0.0,
          0.9999417774903289,
          163.22349616507884
        ],
        [
          0.0,
          1.0,
          0.0,
          0.0
        ],
