{
  "camera_angle_x": 0.47801279693440274,
  "camera_angle_y": 0.5705655492527751,
  "fl_x": 564.302,
  "fl_y": 564.302,
  "k1": 0,
  "k2": 0,
  "p1": 0,
  "p2": 0,
  "cx": 137.5,
  "cy": 165.5,
  "w": 275,
  "h": 331,
  "scale": 0.016,
  "aabb_scale": 1,
  "frames": [
      {
      "file_path": "images-white/proj_jaw162",
      "sharpness": 6.6434935457291955,
      "transform_matrix": [
        [
          -0.3673351066992984,
          0.0,
          0.9300886621103469,
          151.82116258225827
        ],
        [
          0.9300886621103469,
          0.0,
          0.3673351066992984,
          59.96121147184658
        ],
        [
          0.0,
          1.0,
          0.0,
          0.0
        ],
        [
          0.0,
          0.0,
          0.0,
          1.0
        ]
      ]
    },
    {
      "file_path": "images-white/proj_jaw229",
      "sharpness": 6.5509035979126615,
      "transform_matrix": [
        [
          -0.6814264284312183,
          0.0,
          0.7318866187022918,
          119.4680484306312
        ],
        [
          0.7318866187022918,
          0.0,
          0.6814264284312183,
          111.23128019211305
        ],
        [
          0.0,
          1.0,
          0.0,
          0.0
        ],
        [
          0.0,
          0.0,
          0.0,
          1.0
        ]
      ]
    },
    {
      "file_path": "images-white/proj_jaw169",
      "sharpness": 6.791343037627025,
      "transform_matrix": [
        [
          -0.403422330956394,
          0.0,
          0.9150138921818126,
          149.3604626625138
        ],
        [
          0.9150138921818126,
          0.0,
          0.403422330956394,
          65.85183734900507
        ],
        [
          0.0,
          1.0,
          0.0,
          0.0
        ],
        [
          0.0,
          0.0,
          0.0,
          1.0
        ]
      ]
    },
    {
      "file_path": "images-white/proj_jaw582",
      "sharpness": 6.566283987915408,
      "transform_matrix": [
        [
          -0.40890217834781994,
          0.0,
          -0.9125782205062795,
          -148.96288066790152
        ],
        [
          -0.9125782205062795,
          0.0,
          0.40890217834781994,
          66.74632927824969
        ],
        [
          0.0,
          1.0,
          0.0,
          0.0
        ],
        [
          0.0,
          0.0,
          0.0,
          1.0
        ]
      ]
    },
    {
      "file_path": "images-white/proj_jaw730",
      "sharpness": 5.949244712990937,
      "transform_matrix": [
        [
          0.39319887884713084,
          0.0,
          -0.9194534472573146,
          -150.08514455615324
        ],
        [
          -0.9194534472573146,
          0.0,
          -0.39319887884713084,
          -64.18303259085371
        ],
        [
          0.0,
          1.0,
          0.0,
          0.0
        ],
        [
          0.0,
          0.0,
          0.0,
          1.0
        ]
      ]
    },
    {
      "file_path": "images-white/proj_jaw397",
      "sharpness": 7.402537764350453,
      "transform_matrix": [
        [
          -0.9932106854121006,
          0.0,
          -0.11632942182967035,
          -18.98880051352258
        ],
        [
          -0.11632942182967035,
          0.0,
          0.9932106854121006,
          162.12475981187342
        ],
        [
          0.0,
          1.0,
          0.0,
          0.0
        ],
        [
          0.0,
          0.0,
          0.0,
          1.0
        ]
      ]
    },
    {
      "file_path": "images-white/proj_jaw449",
      "sharpness": 6.696050535567152,
      "transform_matrix": [
        [
          -0.9183429344544902,
          0.0,
          -0.39578561714331634,
          -64.60527364315496
        ],
        [
          -0.39578561714331634,
          0.0,
          0.9183429344544902,
          149.9038722198098
        ],
        [
          0.0,
          1.0,
          0.0,
          0.0
        ],
        [
          0.0,
          0.0,
          0.0,
          1.0
        ]
      ]
    },
    {
      "file_path": "images-white/proj_jaw602",
      "sharpness": 6.104103268332875,
      "transform_matrix": [
        [
          -0.3045168697051473,
          0.0,
          -0.9525069427909585,
          -155.48056579259654
        ],
        [
          -0.9525069427909585,
          0.0,
          0.3045168697051473,
          49.70720219258031
        ],
        [
          0.0,
          1.0,
          0.0,
          0.0
        ],
        [
          0.0,
          0.0,
          0.0,
          1.0
        ]
      ]
    },
    {
      "file_path": "images-white/proj_jaw396",
      "sharpness": 7.349717110683878,
      "transform_matrix": [
        [
          -0.9938372192894556,
          0.0,
          -0.1108493642516845,
          -18.094274274895216
        ],
        [
          -0.1108493642516845,
          0.0,
          0.9938372192894556,
          162.22703081627571
        ],
        [
          0.0,
          1.0,
          0.0,
          0.0
        ],
        [
          0.0,
          0.0,
          0.0,
          1.0
        ]
      ]
    },
    {
      "file_path": "images-white/proj_jaw576",
      "sharpness": 6.524361439165064,
      "transform_matrix": [
        [
          -0.43932466425042743,
          0.0,
          -0.8983283583307661,
          -146.63683291540593
        ],
        [
          -0.8983283583307661,
          0.0,
          0.43932466425042743,
          71.71228291959002
        ],
        [
          0.0,
          1.0,
          0.0,
          0.0
        ],
        [
          0.0,
          0.0,
          0.0,
          1.0
        ]
      ]
    },
    {
      "file_path": "images-white/proj_jaw662",
      "sharpness": 6.150288382312551,
      "transform_matrix": [
        [
          0.025523366462953237,
          0.0,
          -0.99967422581779,
          -163.1798229029153
        ],
        [
          -0.99967422581779,
          0.0,
          -0.025523366462953237,
          -4.1662556778472455
        ],
        [
          0.0,
          1.0,
          0.0,
          0.0
        ],
        [
          0.0,
          0.0,
          0.0,
          1.0
        ]
      ]
    },
    {
      "file_path": "images-white/proj_jaw679",
      "sharpness": 6.4420324086789345,
      "transform_matrix": [
        [
          0.11950923512267723,
          0.0,
          -0.992833089053942,
          -162.06312362554212
        ],
        [
          -0.992833089053942,
          0.0,
          -0.11950923512267723,
          -19.507850976779974
        ],
        [
          0.0,
          1.0,
          0.0,
          0.0
        ],
        [
          0.0,
          0.0,
          0.0,
          1.0
        ]
      ]
    },
    {
      "file_path": "images-white/proj_jaw370",
      "sharpness": 7.834528975556166,
      "transform_matrix": [
        [
          -0.999427599448181,
          0.0,
          0.03383006741415236,
          5.5221833942143315
        ],
        [
          0.03383006741415236,
          0.0,
          0.999427599448181,
          163.13956534072494
        ],
        [
          0.0,
          1.0,
          0.0,
          0.0
        ],
        [
          0.0,
          0.0,
          0.0,
          1.0
        ]
      ]
    },
    {
      "file_path": "images-white/proj_jaw747",
      "sharpness": 6.068398791540785,
      "transform_matrix": [
        [
          0.4775605725643159,
          0.0,
          -0.8785988274133097,
          -143.41632239515678
        ],
        [
          -0.8785988274133097,
          0.0,
          -0.4775605725643159,
          -77.95364494139098
        ],
        [
          0.0,
          1.0,
          0.0,
          0.0
        ],
        [
          0.0,
          0.0,
          0.0,
          1.0
        ]
      ]
    }
  ]
}