{
  "camera_angle_x": 0.47801279693440274,
  "camera_angle_y": 0.5705655492527751,
  "fl_x": 564.302,
  "fl_y": 564.302,
  "k1": 0,
  "k2": 0,
  "p1": 0,
  "p2": 0,
  "cx": 137.5,
  "cy": 165.5,
  "w": 275,
  "h": 331,
  "scale": 0.012,
  "aabb_scale": 1,
  "frames": [
    {
      "file_path": "images-video/proj_jaw000",
      "sharpness": 5.320208733864323,
      "transform_matrix": [
        [
          1.0,
          0.0,
          1.2246467991473532e-16,
          1.999027709652199e-14
        ],
        [
          1.2246467991473532e-16,
          0.0,
          -1.0,
          -163.233
        ],
        [
          0.0,
          1.0,
          0.0,
          0.0
        ],
        [
          0.0,
          0.0,
          0.0,
          1.0
        ]
      ]
    },
    {
      "file_path": "images-video/proj_jaw001",
      "sharpness": 5.459159571546278,
      "transform_matrix": [
        [
          0.9999619230641713,
          0.0,
          0.008726535498374403,
          1.4244585690061489
        ],
        [
          0.008726535498374403,
          0.0,
          -0.9999619230641713,
          -163.22678458753387
        ],
        [
          0.0,
          1.0,
          0.0,
          0.0
        ],
        [
          0.0,
          0.0,
          0.0,
          1.0
        ]
      ]
    },
    {
      "file_path": "images-video/proj_jaw002",
      "sharpness": 5.5096511947267235,
      "transform_matrix": [
        [
          0.9998476951563913,
          0.0,
          0.01745240643728344,
          2.8488086599770877
        ],
        [
          0.01745240643728344,
          0.0,
          -0.9998476951563913,
          -163.20813882346323
        ],
        [
          0.0,
          1.0,
          0.0,
          0.0
        ],
        [
          0.0,
          0.0,
          0.0,
          1.0
        ]
      ]
    },
    {
      "file_path": "images-video/proj_jaw003",
      "sharpness": 5.517561109585278,
      "transform_matrix": [
        [
          0.9996573249755573,
          0.0,
          0.026176948307873423,
          4.272941803139102
        ],
        [
          0.026176948307873423,
          0.0,
          -0.9996573249755573,
          -163.17706412773515
        ],
        [
          0.0,
          1.0,
          0.0,
          0.0
        ],
        [
          0.0,
          0.0,
          0.0,
          1.0
        ]
      ]
    },
    {
      "file_path": "images-video/proj_jaw004",
      "sharpness": 5.602416918429003,
      "transform_matrix": [
        [
          0.9993908270190958,
          0.0,
          0.0348994967025007,
          5.696749545239297
        ],
        [
          0.0348994967025007,
          0.0,
          -0.9993908270190958,
          -163.13356286680806
        ],
        [
          0.0,
          1.0,
          0.0,
          0.0
        ],
        [
          0.0,
          0.0,
          0.0,
          1.0
        ]
      ]
    },
    {
      "file_path": "images-video/proj_jaw005",
      "sharpness": 5.585388629497391,
      "transform_matrix": [
        [
          0.9990482215818578,
          0.0,
          0.04361938736533607,
          7.120123457805903
        ],
        [
          0.04361938736533607,
          0.0,
          -0.9990482215818578,
          -163.0776383534714
        ],
        [
          0.0,
          1.0,
          0.0,
          0.0
        ],
        [
          0.0,
          0.0,
          0.0,
          1.0
        ]
      ]
    },
    {
      "file_path": "images-video/proj_jaw006",
      "sharpness": 5.336775611095852,
      "transform_matrix": [
        [
          0.9986295347545738,
          0.0,
          0.05233595624294381,
          8.542955145404447
        ],
        [
          0.05233595624294381,
          0.0,
          -0.9986295347545738,
          -163.00929484659335
        ],
        [
          0.0,
          1.0,
          0.0,
          0.0
        ],
        [
          0.0,
          0.0,
          0.0,
          1.0
        ]
      ]
    },
    {
      "file_path": "images-video/proj_jaw007",
      "sharpness": 5.5943971436418565,
      "transform_matrix": [
        [
          0.9981347984218669,
          0.0,
          0.06104853953485719,
          9.965136253893345
        ],
        [
          0.06104853953485719,
          0.0,
          -0.9981347984218669,
          -162.92853755079662
        ],
        [
          0.0,
          1.0,
          0.0,
          0.0
        ],
        [
          0.0,
          0.0,
          0.0,
          1.0
        ]
      ]
    },
    {
      "file_path": "images-video/proj_jaw008",
      "sharpness": 5.365163416643779,
      "transform_matrix": [
        [
          0.9975640502598242,
          0.0,
          0.06975647374412552,
          11.386558478674843
        ],
        [
          0.06975647374412552,
          0.0,
          -0.9975640502598242,
          -162.83537261606187
        ],
        [
          0.0,
          1.0,
          0.0,
          0.0
        ],
        [
          0.0,
          0.0,
          0.0,
          1.0
        ]
      ]
    },
    {
      "file_path": "images-video/proj_jaw009",
      "sharpness": 5.133095303488052,
      "transform_matrix": [
        [
          0.996917333733128,
          0.0,
          0.07845909572784507,
          12.807113572943335
        ],
        [
          0.07845909572784507,
          0.0,
          -0.996917333733128,
          -162.72980713725968
        ],
        [
          0.0,
          1.0,
          0.0,
          0.0
        ],
        [
          0.0,
          0.0,
          0.0,
          1.0
        ]
      ]
    },
    {
      "file_path": "images-video/proj_jaw010",
      "sharpness": 5.377269980774512,
      "transform_matrix": [
        [
          0.9961946980917455,
          0.0,
          0.08715574274765864,
          14.226693355928562
        ],
        [
          0.08715574274765864,
          0.0,
          -0.9961946980917455,
          -162.6118491536099
        ],
        [
          0.0,
          1.0,
          0.0,
          0.0
        ],
        [
          0.0,
          0.0,
          0.0,
          1.0
        ]
      ]
    },
    {
      "file_path": "images-video/proj_jaw011",
      "sharpness": 5.226695962647624,
      "transform_matrix": [
        [
          0.9953961983671789,
          0.0,
          0.09584575252022391,
          15.64518972113371
        ],
        [
          0.09584575252022391,
          0.0,
          -0.9953961983671789,
          -162.4815076480697
        ],
        [
          0.0,
          1.0,
          0.0,
          0.0
        ],
        [
          0.0,
          0.0,
          0.0,
          1.0
        ]
      ]
    },
    {
      "file_path": "images-video/proj_jaw012",
      "sharpness": 5.113694040098874,
      "transform_matrix": [
        [
          0.9945218953682733,
          0.0,
          0.10452846326765373,
          17.062494644568922
        ],
        [
          0.10452846326765373,
          0.0,
          -0.9945218953682733,
          -162.33879254664936
        ],
        [
          0.0,
          1.0,
          0.0,
          0.0
        ],
        [
          0.0,
          0.0,
          0.0,
          1.0
        ]
      ]
    },
    {
      "file_path": "images-video/proj_jaw013",
      "sharpness": 5.375819829717111,
      "transform_matrix": [
        [
          0.9935718556765875,
          0.0,
          0.11320321376790689,
          18.478500192976746
        ],
        [
          0.11320321376790689,
          0.0,
          -0.9935718556765875,
          -162.18371471765641
        ],
        [
          0.0,
          1.0,
          0.0,
          0.0
        ],
        [
          0.0,
          0.0,
          0.0,
          1.0
        ]
      ]
    },
    {
      "file_path": "images-video/proj_jaw014",
      "sharpness": 5.508508651469376,
      "transform_matrix": [
        [
          0.992546151641322,
          0.0,
          0.12186934340514755,
          19.89309853205245
        ],
        [
          0.12186934340514755,
          0.0,
          -0.992546151641322,
          -162.01628597086793
        ],
        [
          0.0,
          1.0,
          0.0,
          0.0
        ],
        [
          0.0,
          0.0,
          0.0,
          1.0
        ]
      ]
    },
    {
      "file_path": "images-video/proj_jaw015",
      "sharpness": 5.352485580884372,
      "transform_matrix": [
        [
          0.9914448613738104,
          0.0,
          0.13052619222005157,
          21.30618193465568
        ],
        [
          0.13052619222005157,
          0.0,
          -0.9914448613738104,
          -161.8365190566312
        ],
        [
          0.0,
          1.0,
          0.0,
          0.0
        ],
        [
          0.0,
          0.0,
          0.0,
          1.0
        ]
      ]
    },
    {
      "file_path": "images-video/proj_jaw016",
      "sharpness": 5.236803076078001,
      "transform_matrix": [
        [
          0.9902680687415703,
          0.0,
          0.13917310096006574,
          22.717642789014413
        ],
        [
          0.13917310096006574,
          0.0,
          -0.9902680687415703,
          -161.64442766489273
        ],
        [
          0.0,
          1.0,
          0.0,
          0.0
        ],
        [
          0.0,
          0.0,
          0.0,
          1.0
        ]
      ]
    },
    {
      "file_path": "images-video/proj_jaw017",
      "sharpness": 5.816995330953035,
      "transform_matrix": [
        [
          0.9890158633619168,
          0.0,
          0.14780941112961038,
          24.12737360691969
        ],
        [
          0.14780941112961038,
          0.0,
          -0.9890158633619168,
          -161.44002642415577
        ],
        [
          0.0,
          1.0,
          0.0,
          0.0
        ],
        [
          0.0,
          0.0,
          0.0,
          1.0
        ]
      ]
    },
    {
      "file_path": "images-video/proj_jaw018",
      "sharpness": 5.564471299093656,
      "transform_matrix": [
        [
          0.9876883405951377,
          0.0,
          0.15643446504023098,
          25.535267031912024
        ],
        [
          0.15643446504023098,
          0.0,
          -0.9876883405951377,
          -161.2233309003661
        ],
        [
          0.0,
          1.0,
          0.0,
          0.0
        ],
        [
          0.0,
          0.0,
          0.0,
          1.0
        ]
      ]
    },
    {
      "file_path": "images-video/proj_jaw019",
      "sharpness": 5.391397967591321,
      "transform_matrix": [
        [
          0.9862856015372313,
          0.0,
          0.1650476058606781,
          26.941215847456068
        ],
        [
          0.1650476058606781,
          0.0,
          -0.9862856015372313,
          -160.99435759572688
        ],
        [
          0.0,
          1.0,
          0.0,
          0.0
        ],
        [
          0.0,
          0.0,
          0.0,
          1.0
        ]
      ]
    },
    {
      "file_path": "images-video/proj_jaw020",
      "sharpness": 5.63484756934908,
      "transform_matrix": [
        [
          0.984807753012208,
          0.0,
          0.17364817766693028,
          28.34511298510603
        ],
        [
          0.17364817766693028,
          0.0,
          -0.984807753012208,
          -160.75312394744176
        ],
        [
          0.0,
          1.0,
          0.0,
          0.0
        ],
        [
          0.0,
          0.0,
          0.0,
          1.0
        ]
      ]
    },
    {
      "file_path": "images-video/proj_jaw021",
      "sharpness": 5.533315023345235,
      "transform_matrix": [
        [
          0.9832549075639545,
          0.0,
          0.18223552549214772,
          29.74685153265975
        ],
        [
          0.18223552549214772,
          0.0,
          -0.9832549075639545,
          -160.499648326387
        ],
        [
          0.0,
          1.0,
          0.0,
          0.0
        ],
        [
          0.0,
          0.0,
          0.0,
          1.0
        ]
      ]
    },
    {
      "file_path": "images-video/proj_jaw022",
      "sharpness": 5.3536720681131555,
      "transform_matrix": [
        [
          0.981627183447664,
          0.0,
          0.19080899537654497,
          31.146324742299566
        ],
        [
          0.19080899537654497,
          0.0,
          -0.981627183447664,
          -160.23395003571252
        ],
        [
          0.0,
          1.0,
          0.0,
          0.0
        ],
        [
          0.0,
          0.0,
          0.0,
          1.0
        ]
      ]
    },
    {
      "file_path": "images-video/proj_jaw023",
      "sharpness": 5.654402636638286,
      "transform_matrix": [
        [
          0.9799247046208295,
          0.0,
          0.1993679344171977,
          32.54342603872243
        ],
        [
          0.1993679344171977,
          0.0,
          -0.9799247046208295,
          -159.95604930937185
        ],
        [
          0.0,
          1.0,
          0.0,
          0.0
        ],
        [
          0.0,
          0.0,
          0.0,
          1.0
        ]
      ]
    },
    {
      "file_path": "images-video/proj_jaw024",
      "sharpness": 5.955484756934908,
      "transform_matrix": [
        [
          0.9781476007338057,
          0.0,
          0.20791169081775931,
          33.93804902725531
        ],
        [
          0.20791169081775931,
          0.0,
          -0.9781476007338057,
          -159.6659673105813
        ],
        [
          0.0,
          1.0,
          0.0,
          0.0
        ],
        [
          0.0,
          0.0,
          0.0,
          1.0
        ]
      ]
    },
    {
      "file_path": "images-video/proj_jaw025",
      "sharpness": 5.8065366657511674,
      "transform_matrix": [
        [
          0.9762960071199333,
          0.0,
          0.21643961393810318,
          35.330087501958396
        ],
        [
          0.21643961393810318,
          0.0,
          -0.9762960071199333,
          -159.36372613020808
        ],
        [
          0.0,
          1.0,
          0.0,
          0.0
        ],
        [
          0.0,
          0.0,
          0.0,
          1.0
        ]
      ]
    },
    {
      "file_path": "images-video/proj_jaw026",
      "sharpness": 5.9687558363087065,
      "transform_matrix": [
        [
          0.9743700647852352,
          0.0,
          0.22495105434386478,
          36.71943545371208
        ],
        [
          0.22495105434386478,
          0.0,
          -0.9743700647852352,
          -159.0493487850883
        ],
        [
          0.0,
          1.0,
          0.0,
          0.0
        ],
        [
          0.0,
          0.0,
          0.0,
          1.0
        ]
      ]
    },
    {
      "file_path": "images-video/proj_jaw027",
      "sharpness": 6.097819280417467,
      "transform_matrix": [
        [
          0.9723699203976766,
          0.0,
          0.23344536385590553,
          38.10598707829103
        ],
        [
          0.23344536385590553,
          0.0,
          -0.9723699203976766,
          -158.72285921627395
        ],
        [
          0.0,
          1.0,
          0.0,
          0.0
        ],
        [
          0.0,
          0.0,
          0.0,
          1.0
        ]
      ]
    },
    {
      "file_path": "images-video/proj_jaw028",
      "sharpness": 5.939203515517715,
      "transform_matrix": [
        [
          0.9702957262759965,
          0.0,
          0.24192189559966773,
          39.48963678442056
        ],
        [
          0.24192189559966773,
          0.0,
          -0.9702957262759965,
          -158.38428228720974
        ],
        [
          0.0,
          1.0,
          0.0,
          0.0
        ],
        [
          0.0,
          0.0,
          0.0,
          1.0
        ]
      ]
    },
    {
      "file_path": "images-video/proj_jaw029",
      "sharpness": 5.600790991485855,
      "transform_matrix": [
        [
          0.9681476403781077,
          0.0,
          0.25038000405444133,
          40.870279201818626
        ],
        [
          0.25038000405444133,
          0.0,
          -0.9681476403781077,
          -158.03364378183966
        ],
        [
          0.0,
          1.0,
          0.0,
          0.0
        ],
        [
          0.0,
          0.0,
          0.0,
          1.0
        ]
      ]
    },
    {
      "file_path": "images-video/proj_jaw030",
      "sharpness": 5.6445811590222466,
      "transform_matrix": [
        [
          0.9659258262890682,
          0.0,
          0.258819045102521,
          42.247809189219815
        ],
        [
          0.258819045102521,
          0.0,
          -0.9659258262890682,
          -157.67097040264346
        ],
        [
          0.0,
          1.0,
          0.0,
          0.0
        ],
        [
          0.0,
          0.0,
          0.0,
          1.0
        ]
      ]
    },
    {
      "file_path": "images-video/proj_jaw031",
      "sharpness": 5.725943422136775,
      "transform_matrix": [
        [
          0.963630453208623,
          0.0,
          0.267238376078257,
          43.62212184238213
        ],
        [
          0.267238376078257,
          0.0,
          -0.963630453208623,
          -157.29628976860315
        ],
        [
          0.0,
          1.0,
          0.0,
          0.0
        ],
        [
          0.0,
          0.0,
          0.0,
          1.0
        ]
      ]
    },
    {
      "file_path": "images-video/proj_jaw032",
      "sharpness": 5.881483109035979,
      "transform_matrix": [
        [
          0.9612616959383187,
          0.0,
          0.27563735581699966,
          44.99311250207631
        ],
        [
          0.27563735581699966,
          0.0,
          -0.9612616959383187,
          -156.90963041309956
        ],
        [
          0.0,
          1.0,
          0.0,
          0.0
        ],
        [
          0.0,
          0.0,
          0.0,
          1.0
        ]
      ]
    },
    {
      "file_path": "images-video/proj_jaw033",
      "sharpness": 6.022103817632519,
      "transform_matrix": [
        [
          0.958819734868193,
          0.0,
          0.2840153447039226,
          46.3606767620554
        ],
        [
          0.2840153447039226,
          0.0,
          -0.958819734868193,
          -156.51102178173977
        ],
        [
          0.0,
          1.0,
          0.0,
          0.0
        ],
        [
          0.0,
          0.0,
          0.0,
          1.0
        ]
      ]
    },
    {
      "file_path": "images-video/proj_jaw034",
      "sharpness": 6.436407580335072,
      "transform_matrix": [
        [
          0.9563047559630354,
          0.0,
          0.29237170472273705,
          47.72471047700654
        ],
        [
          0.29237170472273705,
          0.0,
          -0.9563047559630354,
          -156.10049423011418
        ],
        [
          0.0,
          1.0,
          0.0,
          0.0
        ],
        [
          0.0,
          0.0,
          0.0,
          1.0
        ]
      ]
    },
    {
      "file_path": "images-video/proj_jaw035",
      "sharpness": 6.204559187036528,
      "transform_matrix": [
        [
          0.9537169507482268,
          0.0,
          0.30070579950427334,
          49.085109770481054
        ],
        [
          0.30070579950427334,
          0.0,
          -0.9537169507482268,
          -155.6780790214853
        ],
        [
          0.0,
          1.0,
          0.0,
          0.0
        ],
        [
          0.0,
          0.0,
          0.0,
          1.0
        ]
      ]
    },
    {
      "file_path": "images-video/proj_jaw036",
      "sharpness": 6.018104916231804,
      "transform_matrix": [
        [
          0.9510565162951535,
          0.0,
          0.3090169943749475,
          50.441771042805804
        ],
        [
          0.3090169943749475,
          0.0,
          -0.9510565162951535,
          -155.2438083244068
        ],
        [
          0.0,
          1.0,
          0.0,
          0.0
        ],
        [
          0.0,
          0.0,
          0.0,
          1.0
        ]
      ]
    },
    {
      "file_path": "images-video/proj_jaw037",
      "sharpness": 5.972447129909366,
      "transform_matrix": [
        [
          0.9483236552061993,
          0.0,
          0.31730465640509214,
          51.79459097897241
        ],
        [
          0.31730465640509214,
          0.0,
          -0.9483236552061993,
          -154.79771521027354
        ],
        [
          0.0,
          1.0,
          0.0,
          0.0
        ],
        [
          0.0,
          0.0,
          0.0,
          1.0
        ]
      ]
    },
    {
      "file_path": "images-video/proj_jaw038",
      "sharpness": 5.865509475418841,
      "transform_matrix": [
        [
          0.9455185755993167,
          0.0,
          0.32556815445715703,
          53.14346655650512
        ],
        [
          0.32556815445715703,
          0.0,
          -0.9455185755993167,
          -154.33983365080329
        ],
        [
          0.0,
          1.0,
          0.0,
          0.0
        ],
        [
          0.0,
          0.0,
          0.0,
          1.0
        ]
      ]
    },
    {
      "file_path": "images-video/proj_jaw039",
      "sharpness": 5.938873935731942,
      "transform_matrix": [
        [
          0.9426414910921783,
          0.0,
          0.3338068592337712,
          54.488295053306175
        ],
        [
          0.3338068592337712,
          0.0,
          -0.9426414910921783,
          -153.87019851544954
        ],
        [
          0.0,
          1.0,
          0.0,
          0.0
        ],
        [
          0.0,
          0.0,
          0.0,
          1.0
        ]
      ]
    },
    {
      "file_path": "images-video/proj_jaw040",
      "sharpness": 6.0955561658884925,
      "transform_matrix": [
        [
          0.9396926207859083,
          0.0,
          0.3420201433256689,
          55.82897405547891
        ],
        [
          0.3420201433256689,
          0.0,
          -0.9396926207859083,
          -153.38884556874618
        ],
        [
          0.0,
          1.0,
          0.0,
          0.0
        ],
        [
          0.0,
          0.0,
          0.0,
          1.0
        ]
      ]
    },
    {
      "file_path": "images-video/proj_jaw041",
      "sharpness": 6.0728810766273,
      "transform_matrix": [
        [
          0.9366721892483976,
          0.0,
          0.35020738125946754,
          57.16540146512666
        ],
        [
          0.35020738125946754,
          0.0,
          -0.9366721892483976,
          -152.89581146758368
        ],
        [
          0.0,
          1.0,
          0.0,
          0.0
        ],
        [
          0.0,
          0.0,
          0.0,
          1.0
        ]
      ]
    },
    {
      "file_path": "images-video/proj_jaw042",
      "sharpness": 6.171908816259269,
      "transform_matrix": [
        [
          0.9335804264972017,
          0.0,
          0.3583679495453002,
          58.49747550812799
        ],
        [
          0.3583679495453002,
          0.0,
          -0.9335804264972017,
          -152.39113375841774
        ],
        [
          0.0,
          1.0,
          0.0,
          0.0
        ],
        [
          0.0,
          0.0,
          0.0,
          1.0
        ]
      ]
    },
    {
      "file_path": "images-video/proj_jaw043",
      "sharpness": 6.118099423235375,
      "transform_matrix": [
        [
          0.9304175679820246,
          0.0,
          0.36650122672429714,
          59.8250947418872
        ],
        [
          0.36650122672429714,
          0.0,
          -0.9304175679820246,
          -151.87485087440982
        ],
        [
          0.0,
          1.0,
          0.0,
          0.0
        ],
        [
          0.0,
          0.0,
          0.0,
          1.0
        ]
      ]
    },
    {
      "file_path": "images-video/proj_jaw044",
      "sharpness": 6.113902773963197,
      "transform_matrix": [
        [
          0.9271838545667873,
          0.0,
          0.37460659341591224,
          61.148158063059604
        ],
        [
          0.37460659341591224,
          0.0,
          -0.9271838545667873,
          -151.3470021325004
        ],
        [
          0.0,
          1.0,
          0.0,
          0.0
        ],
        [
          0.0,
          0.0,
          0.0,
          1.0
        ]
      ]
    },
    {
      "file_path": "images-video/proj_jaw045",
      "sharpness": 6.110848667948366,
      "transform_matrix": [
        [
          0.9238795325112867,
          0.0,
          0.3826834323650899,
          62.46656471525072
        ],
        [
          0.3826834323650899,
          0.0,
          -0.9238795325112867,
          -150.80762773041488
        ],
        [
          0.0,
          1.0,
          0.0,
          0.0
        ],
        [
          0.0,
          0.0,
          0.0,
          1.0
        ]
      ]
    },
    {
      "file_path": "images-video/proj_jaw046",
      "sharpness": 6.2270585004119745,
      "transform_matrix": [
        [
          0.9205048534524402,
          0.0,
          0.39073112848927416,
          63.78021429668969
        ],
        [
          0.39073112848927416,
          0.0,
          -0.9205048534524402,
          -150.25676874360218
        ],
        [
          0.0,
          1.0,
          0.0,
          0.0
        ],
        [
          0.0,
          0.0,
          0.0,
          1.0
        ]
      ]
    },
    {
      "file_path": "images-video/proj_jaw047",
      "sharpness": 6.442537764350453,
      "transform_matrix": [
        [
          0.9170600743851239,
          0.0,
          0.39874906892524653,
          65.08900676787476
        ],
        [
          0.39874906892524653,
          0.0,
          -0.9170600743851239,
          -149.69446712210694
        ],
        [
          0.0,
          1.0,
          0.0,
          0.0
        ],
        [
          0.0,
          0.0,
          0.0,
          1.0
        ]
      ]
    },
    {
      "file_path": "images-video/proj_jaw048",
      "sharpness": 6.468618511397968,
      "transform_matrix": [
        [
          0.9135454576426008,
          0.0,
          0.40673664307580043,
          66.39284245919214
        ],
        [
          0.40673664307580043,
          0.0,
          -0.9135454576426008,
          -149.12076568737464
        ],
        [
          0.0,
          1.0,
          0.0,
          0.0
        ],
        [
          0.0,
          0.0,
          0.0,
          1.0
        ]
      ]
    },
    {
      "file_path": "images-video/proj_jaw049",
      "sharpness": 6.245690744301016,
      "transform_matrix": [
        [
          0.9099612708765431,
          0.0,
          0.4146932426562392,
          67.69162207850589
        ],
        [
          0.4146932426562392,
          0.0,
          -0.9099612708765431,
          -148.53570812899076
        ],
        [
          0.0,
          1.0,
          0.0,
          0.0
        ],
        [
          0.0,
          0.0,
          0.0,
          1.0
        ]
      ]
    },
    {
      "file_path": "images-video/proj_jaw050",
      "sharpness": 6.038209283163966,
      "transform_matrix": [
        [
          0.9063077870366499,
          0.0,
          0.4226182617406995,
          68.98524671871961
        ],
        [
          0.4226182617406995,
          0.0,
          -0.9063077870366499,
          -147.9393390013535
        ],
        [
          0.0,
          1.0,
          0.0,
          0.0
        ],
        [
          0.0,
          0.0,
          0.0,
          1.0
        ]
      ]
    },
    {
      "file_path": "images-video/proj_jaw051",
      "sharpness": 6.033243614391651,
      "transform_matrix": [
        [
          0.9025852843498606,
          0.0,
          0.4305110968082951,
          70.27361786530844
        ],
        [
          0.4305110968082951,
          0.0,
          -0.9025852843498606,
          -147.3317037202808
        ],
        [
          0.0,
          1.0,
          0.0,
          0.0
        ],
        [
          0.0,
          0.0,
          0.0,
          1.0
        ]
      ]
    },
    {
      "file_path": "images-video/proj_jaw052",
      "sharpness": 6.1307992309805,
      "transform_matrix": [
        [
          0.898794046299167,
          0.0,
          0.4383711467890773,
          71.55663740382145
        ],
        [
          0.4383711467890773,
          0.0,
          -0.898794046299167,
          -146.71284855955193
        ],
        [
          0.0,
          1.0,
          0.0,
          0.0
        ],
        [
          0.0,
          0.0,
          0.0,
          1.0
        ]
      ]
    },
    {
      "file_path": "images-video/proj_jaw053",
      "sharpness": 6.1821697335896735,
      "transform_matrix": [
        [
          0.894934361602025,
          0.0,
          0.446197813109809,
          72.83420762735345
        ],
        [
          0.446197813109809,
          0.0,
          -0.894934361602025,
          -146.08282064738336
        ],
        [
          0.0,
          1.0,
          0.0,
          0.0
        ],
        [
          0.0,
          0.0,
          0.0,
          1.0
        ]
      ]
    },
    {
      "file_path": "images-video/proj_jaw054",
      "sharpness": 6.4937764350453175,
      "transform_matrix": [
        [
          0.8910065241883678,
          0.0,
          0.45399049973954686,
          74.10623124398545
        ],
        [
          0.45399049973954686,
          0.0,
          -0.8910065241883678,
          -145.44166796283983
        ],
        [
          0.0,
          1.0,
          0.0,
          0.0
        ],
        [
          0.0,
          0.0,
          0.0,
          1.0
        ]
      ]
    },
    {
      "file_path": "images-video/proj_jaw055",
      "sharpness": 6.663949464432848,
      "transform_matrix": [
        [
          0.8870108331782217,
          0.0,
          0.4617486132350339,
          75.37261138419429
        ],
        [
          0.4617486132350339,
          0.0,
          -0.8870108331782217,
          -144.78943933218068
        ],
        [
          0.0,
          1.0,
          0.0,
          0.0
        ],
        [
          0.0,
          0.0,
          0.0,
          1.0
        ]
      ]
    },
    {
      "file_path": "images-video/proj_jaw056",
      "sharpness": 6.297215050810217,
      "transform_matrix": [
        [
          0.8829475928589268,
          0.0,
          0.4694715627858911,
          76.63325160822936
        ],
        [
          0.4694715627858911,
          0.0,
          -0.8829475928589268,
          -144.1261844251412
        ],
        [
          0.0,
          1.0,
          0.0,
          0.0
        ],
        [
          0.0,
          0.0,
          0.0,
          1.0
        ]
      ]
    },
    {
      "file_path": "images-video/proj_jaw057",
      "sharpness": 6.0842845372150505,
      "transform_matrix": [
        [
          0.8788171126619653,
          0.0,
          0.4771587602596086,
          77.8880559134567
        ],
        [
          0.4771587602596086,
          0.0,
          -0.8788171126619653,
          -143.45195375115057
        ],
        [
          0.0,
          1.0,
          0.0,
          0.0
        ],
        [
          0.0,
          0.0,
          0.0,
          1.0
        ]
      ]
    },
    {
      "file_path": "images-video/proj_jaw058",
      "sharpness": 6.425092007690195,
      "transform_matrix": [
        [
          0.8746197071393957,
          0.0,
          0.48480962024633717,
          79.13692874167036
        ],
        [
          0.48480962024633717,
          0.0,
          -0.8746197071393957,
          -142.766798655485
        ],
        [
          0.0,
          1.0,
          0.0,
          0.0
        ],
        [
          0.0,
          0.0,
          0.0,
          1.0
        ]
      ]
    },
    {
      "file_path": "images-video/proj_jaw059",
      "sharpness": 6.543916506454271,
      "transform_matrix": [
        [
          0.8703556959398997,
          0.0,
          0.49242356010346716,
          80.37977498636926
        ],
        [
          0.49242356010346716,
          0.0,
          -0.8703556959398997,
          -142.07077131535766
        ],
        [
          0.0,
          1.0,
          0.0,
          0.0
        ],
        [
          0.0,
          0.0,
          0.0,
          1.0
        ]
      ]
    },
    {
      "file_path": "images-video/proj_jaw060",
      "sharpness": 6.305915957154628,
      "transform_matrix": [
        [
          0.8660254037844387,
          0.0,
          0.49999999999999994,
          81.61649999999999
        ],
        [
          0.49999999999999994,
          0.0,
          -0.8660254037844387,
          -141.3639247359453
        ],
        [
          0.0,
          1.0,
          0.0,
          0.0
        ],
        [
          0.0,
          0.0,
          0.0,
          1.0
        ]
      ]
    },
    {
      "file_path": "images-video/proj_jaw061",
      "sharpness": 6.269947816533919,
      "transform_matrix": [
        [
          0.8616291604415256,
          0.0,
          0.5075383629607044,
          82.84700960116467
        ],
        [
          0.5075383629607044,
          0.0,
          -0.8616291604415256,
          -140.64631274635155
        ],
        [
          0.0,
          1.0,
          0.0,
          0.0
        ],
        [
          0.0,
          0.0,
          0.0,
          1.0
        ]
      ]
    },
    {
      "file_path": "images-video/proj_jaw062",
      "sharpness": 6.556176874485032,
      "transform_matrix": [
        [
          0.8571673007021122,
          0.0,
          0.5150380749100544,
          84.07121008179291
        ],
        [
          0.5150380749100544,
          0.0,
          -0.8571673007021122,
          -139.9179899955079
        ],
        [
          0.0,
          1.0,
          0.0,
          0.0
        ],
        [
          0.0,
          0.0,
          0.0,
          1.0
        ]
      ]
    },
    {
      "file_path": "images-video/proj_jaw063",
      "sharpness": 6.1733589673166716,
      "transform_matrix": [
        [
          0.8526401643540922,
          0.0,
          0.5224985647159489,
          85.2890082142785
        ],
        [
          0.5224985647159489,
          0.0,
          -0.8526401643540922,
          -139.17901194801152
        ],
        [
          0.0,
          1.0,
          0.0,
          0.0
        ],
        [
          0.0,
          0.0,
          0.0,
          1.0
        ]
      ]
    },
    {
      "file_path": "images-video/proj_jaw064",
      "sharpness": 6.057215050810217,
      "transform_matrix": [
        [
          0.848048096156426,
          0.0,
          0.5299192642332049,
          86.50031125857873
        ],
        [
          0.5299192642332049,
          0.0,
          -0.848048096156426,
          -138.4294348799019
        ],
        [
          0.0,
          1.0,
          0.0,
          0.0
        ],
        [
          0.0,
          0.0,
          0.0,
          1.0
        ]
      ]
    },
    {
      "file_path": "images-video/proj_jaw065",
      "sharpness": 6.438538862949739,
      "transform_matrix": [
        [
          0.8433914458128857,
          0.0,
          0.5372996083468238,
          87.70502696927709
        ],
        [
          0.5372996083468238,
          0.0,
          -0.8433914458128857,
          -137.66931587437477
        ],
        [
          0.0,
          1.0,
          0.0,
          0.0
        ],
        [
          0.0,
          0.0,
          0.0,
          1.0
        ]
      ]
    },
    {
      "file_path": "images-video/proj_jaw066",
      "sharpness": 6.567690195001373,
      "transform_matrix": [
        [
          0.8386705679454242,
          0.0,
          0.544639035015027,
          88.9030636026079
        ],
        [
          0.544639035015027,
          0.0,
          -0.8386705679454242,
          -136.89871281743544
        ],
        [
          0.0,
          1.0,
          0.0,
          0.0
        ],
        [
          0.0,
          0.0,
          0.0,
          1.0
        ]
      ]
    },
    {
      "file_path": "images-video/proj_jaw067",
      "sharpness": 6.10441087613293,
      "transform_matrix": [
        [
          0.8338858220671681,
          0.0,
          0.5519369853120583,
          90.09432992344321
        ],
        [
          0.5519369853120583,
          0.0,
          -0.8338858220671681,
          -136.11768439349007
        ],
        [
          0.0,
          1.0,
          0.0,
          0.0
        ],
        [
          0.0,
          0.0,
          0.0,
          1.0
        ]
      ]
    },
    {
      "file_path": "images-video/proj_jaw068",
      "sharpness": 5.926547651744026,
      "transform_matrix": [
        [
          0.8290375725550416,
          0.0,
          0.5591929034707469,
          91.27873521224043
        ],
        [
          0.5591929034707469,
          0.0,
          -0.8290375725550416,
          -135.3262900808771
        ],
        [
          0.0,
          1.0,
          0.0,
          0.0
        ],
        [
          0.0,
          0.0,
          0.0,
          1.0
        ]
      ]
    },
    {
      "file_path": "images-video/proj_jaw069",
      "sharpness": 6.268849217248008,
      "transform_matrix": [
        [
          0.8241261886220155,
          0.0,
          0.5664062369248332,
          92.45618927195129
        ],
        [
          0.5664062369248332,
          0.0,
          -0.8241261886220155,
          -134.52459014733745
        ],
        [
          0.0,
          1.0,
          0.0,
          0.0
        ],
        [
          0.0,
          0.0,
          0.0,
          1.0
        ]
      ]
    },
    {
      "file_path": "images-video/proj_jaw070",
      "sharpness": 6.295808843724251,
      "transform_matrix": [
        [
          0.8191520442889916,
          0.0,
          0.5735764363510464,
          93.62660243489036
        ],
        [
          0.5735764363510464,
          0.0,
          -0.8191520442889916,
          -133.71264564542497
        ],
        [
          0.0,
          1.0,
          0.0,
          0.0
        ],
        [
          0.0,
          0.0,
          0.0,
          1.0
        ]
      ]
    },
    {
      "file_path": "images-video/proj_jaw071",
      "sharpness": 6.114298269706125,
      "transform_matrix": [
        [
          0.8141155183563191,
          0.0,
          0.5807029557109399,
          94.78988556956385
        ],
        [
          0.5807029557109399,
          0.0,
          -0.8141155183563191,
          -132.89051840785703
        ],
        [
          0.0,
          1.0,
          0.0,
          0.0
        ],
        [
          0.0,
          0.0,
          0.0,
          1.0
        ]
      ]
    },
    {
      "file_path": "images-video/proj_jaw072",
      "sharpness": 6.3344795385883,
      "transform_matrix": [
        [
          0.8090169943749473,
          0.0,
          0.5877852522924732,
          95.94595008745729
        ],
        [
          0.5877852522924732,
          0.0,
          -0.8090169943749473,
          -132.05827104280579
        ],
        [
          0.0,
          1.0,
          0.0,
          0.0
        ],
        [
          0.0,
          0.0,
          0.0,
          1.0
        ]
